# Temperatura_=_21.243999999999996
# Concentracion g/m^3_=_11700.0
# C_Vs_to_Am_M_A/Vsm_=_254322799225.57578
# pendiente_HvsI_1/m_=_3716.3
# ordenada_HvsI_A/m_=_1297.0
# frecuencia_Hz_=_263747.19549138786
# Promedio de 25 ciclos

Tiempo_(s)	Campo_(V.s)	Magnetizacion_(V.s)	Campo_(kA/m)	Magnetizacion_(A/m)
0.000000e+00	-7.104360e-09	-2.731985e-09	-3.829384e+01	-7.097082e+02
1.000000e-08	-7.102471e-09	-2.731828e-09	-3.828394e+01	-7.096442e+02
2.000000e-08	-7.098649e-09	-2.732004e-09	-3.826358e+01	-7.096854e+02
3.000000e-08	-7.093067e-09	-2.732323e-09	-3.823367e+01	-7.097778e+02
4.000000e-08	-7.085794e-09	-2.732086e-09	-3.819462e+01	-7.097140e+02
5.000000e-08	-7.076674e-09	-2.731632e-09	-3.814565e+01	-7.095922e+02
6.000000e-08	-7.065484e-09	-2.731804e-09	-3.808560e+01	-7.096533e+02
7.000000e-08	-7.052169e-09	-2.732775e-09	-3.801410e+01	-7.099395e+02
8.000000e-08	-7.036596e-09	-2.731947e-09	-3.793046e+01	-7.096713e+02
9.000000e-08	-7.018674e-09	-2.725330e-09	-3.783413e+01	-7.077264e+02
1.000000e-07	-6.998529e-09	-2.720462e-09	-3.772576e+01	-7.064104e+02
1.100000e-07	-6.976403e-09	-2.727084e-09	-3.760669e+01	-7.084015e+02
1.200000e-07	-6.952787e-09	-2.737721e-09	-3.747956e+01	-7.114058e+02
1.300000e-07	-6.927865e-09	-2.738348e-09	-3.734542e+01	-7.114943e+02
1.400000e-07	-6.901161e-09	-2.721660e-09	-3.720176e+01	-7.066008e+02
1.500000e-07	-6.872548e-09	-2.713972e-09	-3.704775e+01	-7.046388e+02
1.600000e-07	-6.842396e-09	-2.729306e-09	-3.688540e+01	-7.093472e+02
1.700000e-07	-6.810492e-09	-2.724776e-09	-3.671367e+01	-7.077406e+02
1.800000e-07	-6.776466e-09	-2.710263e-09	-3.653049e+01	-7.033791e+02
1.900000e-07	-6.740733e-09	-2.729196e-09	-3.633803e+01	-7.089109e+02
2.000000e-07	-6.703489e-09	-2.741332e-09	-3.613746e+01	-7.119080e+02
2.100000e-07	-6.664503e-09	-2.729331e-09	-3.592753e+01	-7.080189e+02
2.200000e-07	-6.623691e-09	-2.743782e-09	-3.570776e+01	-7.121939e+02
2.300000e-07	-6.580832e-09	-2.758250e-09	-3.547701e+01	-7.158990e+02
2.400000e-07	-6.535978e-09	-2.744229e-09	-3.523546e+01	-7.114841e+02
2.500000e-07	-6.489379e-09	-2.752877e-09	-3.498449e+01	-7.141199e+02
2.600000e-07	-6.440869e-09	-2.765927e-09	-3.472325e+01	-7.175740e+02
2.700000e-07	-6.390287e-09	-2.750237e-09	-3.445085e+01	-7.127863e+02
2.800000e-07	-6.337671e-09	-2.752850e-09	-3.416747e+01	-7.138450e+02
2.900000e-07	-6.283191e-09	-2.765858e-09	-3.387400e+01	-7.174742e+02
3.000000e-07	-6.227059e-09	-2.754293e-09	-3.357163e+01	-7.138922e+02
3.100000e-07	-6.169106e-09	-2.746676e-09	-3.325948e+01	-7.119470e+02
3.200000e-07	-6.109283e-09	-2.749954e-09	-3.293718e+01	-7.129016e+02
3.300000e-07	-6.047852e-09	-2.747542e-09	-3.260618e+01	-7.120563e+02
3.400000e-07	-5.984896e-09	-2.744263e-09	-3.226699e+01	-7.112920e+02
3.500000e-07	-5.920314e-09	-2.741973e-09	-3.191908e+01	-7.106789e+02
3.600000e-07	-5.853910e-09	-2.740406e-09	-3.156142e+01	-7.100799e+02
3.700000e-07	-5.785684e-09	-2.741074e-09	-3.119392e+01	-7.103524e+02
3.800000e-07	-5.715825e-09	-2.738404e-09	-3.081756e+01	-7.096835e+02
3.900000e-07	-5.644498e-09	-2.732619e-09	-3.043326e+01	-7.079776e+02
4.000000e-07	-5.571653e-09	-2.730829e-09	-3.004081e+01	-7.074971e+02
4.100000e-07	-5.497071e-09	-2.729221e-09	-2.963899e+01	-7.070723e+02
4.200000e-07	-5.420725e-09	-2.725765e-09	-2.922765e+01	-7.060526e+02
4.300000e-07	-5.342647e-09	-2.725427e-09	-2.880702e+01	-7.059829e+02
4.400000e-07	-5.262790e-09	-2.722788e-09	-2.837684e+01	-7.052860e+02
4.500000e-07	-5.181369e-09	-2.717152e-09	-2.793816e+01	-7.037122e+02
4.600000e-07	-5.098700e-09	-2.715401e-09	-2.749270e+01	-7.032361e+02
4.700000e-07	-5.014912e-09	-2.713514e-09	-2.704122e+01	-7.027084e+02
4.800000e-07	-4.929978e-09	-2.708624e-09	-2.658356e+01	-7.013226e+02
4.900000e-07	-4.843816e-09	-2.705554e-09	-2.611929e+01	-7.004925e+02
5.000000e-07	-4.756447e-09	-2.703462e-09	-2.564850e+01	-6.999298e+02
5.100000e-07	-4.667845e-09	-2.699997e-09	-2.517108e+01	-6.989395e+02
5.200000e-07	-4.577879e-09	-2.697269e-09	-2.468631e+01	-6.981923e+02
5.300000e-07	-4.486609e-09	-2.694128e-09	-2.419449e+01	-6.973219e+02
5.400000e-07	-4.394190e-09	-2.688973e-09	-2.369649e+01	-6.958957e+02
5.500000e-07	-4.300639e-09	-2.684811e-09	-2.319238e+01	-6.947758e+02
5.600000e-07	-4.205971e-09	-2.681776e-09	-2.268223e+01	-6.939115e+02
5.700000e-07	-4.110220e-09	-2.678177e-09	-2.216624e+01	-6.928986e+02
5.800000e-07	-4.013371e-09	-2.674943e-09	-2.164437e+01	-6.920458e+02
5.900000e-07	-3.915350e-09	-2.671399e-09	-2.111622e+01	-6.910949e+02
6.000000e-07	-3.816153e-09	-2.666512e-09	-2.058169e+01	-6.897473e+02
6.100000e-07	-3.715910e-09	-2.661589e-09	-2.004148e+01	-6.883793e+02
6.200000e-07	-3.614696e-09	-2.657101e-09	-1.949602e+01	-6.871432e+02
6.300000e-07	-3.512467e-09	-2.652181e-09	-1.894506e+01	-6.857999e+02
6.400000e-07	-3.409297e-09	-2.647287e-09	-1.838901e+01	-6.844625e+02
6.500000e-07	-3.305329e-09	-2.643104e-09	-1.782869e+01	-6.833244e+02
6.600000e-07	-3.200466e-09	-2.639038e-09	-1.726361e+01	-6.822052e+02
6.700000e-07	-3.094533e-09	-2.634589e-09	-1.669274e+01	-6.809891e+02
6.800000e-07	-2.987551e-09	-2.629500e-09	-1.611617e+01	-6.796269e+02
6.900000e-07	-2.879659e-09	-2.623607e-09	-1.553470e+01	-6.780265e+02
7.000000e-07	-2.770971e-09	-2.617460e-09	-1.494892e+01	-6.763327e+02
7.100000e-07	-2.661579e-09	-2.611963e-09	-1.435934e+01	-6.748216e+02
7.200000e-07	-2.551532e-09	-2.606967e-09	-1.376622e+01	-6.734648e+02
7.300000e-07	-2.440854e-09	-2.601675e-09	-1.316969e+01	-6.720443e+02
7.400000e-07	-2.329560e-09	-2.596022e-09	-1.256986e+01	-6.705262e+02
7.500000e-07	-2.217620e-09	-2.590280e-09	-1.196660e+01	-6.689607e+02
7.600000e-07	-2.104950e-09	-2.584513e-09	-1.135942e+01	-6.673748e+02
7.700000e-07	-1.991447e-09	-2.578156e-09	-1.074774e+01	-6.656467e+02
7.800000e-07	-1.877198e-09	-2.570644e-09	-1.013204e+01	-6.636268e+02
7.900000e-07	-1.762370e-09	-2.562499e-09	-9.513238e+00	-6.614405e+02
8.000000e-07	-1.647018e-09	-2.554597e-09	-8.891584e+00	-6.593176e+02
8.100000e-07	-1.531183e-09	-2.547255e-09	-8.267294e+00	-6.573444e+02
8.200000e-07	-1.414909e-09	-2.540305e-09	-7.640610e+00	-6.554806e+02
8.300000e-07	-1.298255e-09	-2.533247e-09	-7.011834e+00	-6.535869e+02
8.400000e-07	-1.181308e-09	-2.525759e-09	-6.381478e+00	-6.515559e+02
8.500000e-07	-1.064106e-09	-2.517713e-09	-5.749779e+00	-6.493744e+02
8.600000e-07	-9.466376e-10	-2.508965e-09	-5.116678e+00	-6.470182e+02
8.700000e-07	-8.289237e-10	-2.499731e-09	-4.482287e+00	-6.445411e+02
8.800000e-07	-7.110165e-10	-2.490340e-09	-3.846821e+00	-6.420417e+02
8.900000e-07	-5.929442e-10	-2.481189e-09	-3.210394e+00	-6.395958e+02
9.000000e-07	-4.747456e-10	-2.472417e-09	-2.573268e+00	-6.372219e+02
9.100000e-07	-3.564775e-10	-2.463591e-09	-1.935788e+00	-6.348395e+02
9.200000e-07	-2.381559e-10	-2.454130e-09	-1.298046e+00	-6.323154e+02
9.300000e-07	-1.197832e-10	-2.444039e-09	-6.600132e-01	-6.296247e+02
9.400000e-07	-1.387121e-12	-2.433562e-09	-2.181454e-02	-6.268164e+02
9.500000e-07	1.170007e-10	-2.422593e-09	6.163450e-01	-6.238800e+02
9.600000e-07	2.353567e-10	-2.411211e-09	1.254311e+00	-6.208427e+02
9.700000e-07	3.536412e-10	-2.399507e-09	1.891882e+00	-6.177186e+02
9.800000e-07	4.718181e-10	-2.387531e-09	2.528887e+00	-6.145157e+02
9.900000e-07	5.898648e-10	-2.375364e-09	3.165195e+00	-6.112379e+02
1.000000e-06	7.077697e-10	-2.362531e-09	3.800734e+00	-6.077682e+02
1.010000e-06	8.255212e-10	-2.348687e-09	4.435427e+00	-6.040417e+02
1.020000e-06	9.430634e-10	-2.334456e-09	5.068987e+00	-6.002227e+02
1.030000e-06	1.060361e-09	-2.319921e-09	5.701269e+00	-5.963286e+02
1.040000e-06	1.177394e-09	-2.304148e-09	6.332155e+00	-5.921133e+02
1.050000e-06	1.294139e-09	-2.287038e-09	6.961490e+00	-5.875337e+02
1.060000e-06	1.410583e-09	-2.269205e-09	7.589208e+00	-5.827433e+02
1.070000e-06	1.526677e-09	-2.250767e-09	8.215010e+00	-5.777893e+02
1.080000e-06	1.642353e-09	-2.231506e-09	8.838519e+00	-5.726099e+02
1.090000e-06	1.757505e-09	-2.211008e-09	9.459224e+00	-5.671059e+02
1.100000e-06	1.872015e-09	-2.189038e-09	1.007653e+01	-5.612304e+02
1.110000e-06	1.985846e-09	-2.165880e-09	1.069019e+01	-5.550388e+02
1.120000e-06	2.099023e-09	-2.141592e-09	1.130030e+01	-5.485279e+02
1.130000e-06	2.211558e-09	-2.115936e-09	1.190696e+01	-5.416095e+02
1.140000e-06	2.323467e-09	-2.088589e-09	1.251025e+01	-5.341759e+02
1.150000e-06	2.434766e-09	-2.058666e-09	1.311026e+01	-5.259982e+02
1.160000e-06	2.545441e-09	-2.025443e-09	1.370692e+01	-5.168847e+02
1.170000e-06	2.655468e-09	-1.988506e-09	1.430007e+01	-5.066953e+02
1.180000e-06	2.764794e-09	-1.946483e-09	1.488944e+01	-4.949919e+02
1.190000e-06	2.873425e-09	-1.897011e-09	1.547505e+01	-4.809823e+02
1.200000e-06	2.981404e-09	-1.836507e-09	1.605711e+01	-4.634760e+02
1.210000e-06	3.088654e-09	-1.758927e-09	1.663527e+01	-4.405307e+02
1.220000e-06	3.194972e-09	-1.655190e-09	1.720844e+01	-4.091979e+02
1.230000e-06	3.300172e-09	-1.511843e-09	1.777560e+01	-3.652231e+02
1.240000e-06	3.404273e-09	-1.310901e-09	1.833683e+01	-3.035258e+02
1.250000e-06	3.507422e-09	-1.036952e-09	1.889295e+01	-2.212591e+02
1.260000e-06	3.609659e-09	-6.862603e-10	1.944416e+01	-1.201982e+02
1.270000e-06	3.710952e-09	-2.710053e-10	1.999031e+01	-6.327028e+00
1.280000e-06	3.811301e-09	1.751232e-10	2.053139e+01	1.096735e+02
1.290000e-06	3.910669e-09	6.103784e-10	2.106709e+01	2.172307e+02
1.300000e-06	4.008859e-09	1.004333e-09	2.159642e+01	3.103403e+02
1.310000e-06	4.105713e-09	1.336028e-09	2.211858e+01	3.854936e+02
1.320000e-06	4.201333e-09	1.596185e-09	2.263415e+01	4.427920e+02
1.330000e-06	4.295855e-09	1.790536e-09	2.314393e+01	4.857097e+02
1.340000e-06	4.389318e-09	1.933518e-09	2.364801e+01	5.180382e+02
1.350000e-06	4.481772e-09	2.041229e-09	2.414656e+01	5.430880e+02
1.360000e-06	4.573192e-09	2.126743e-09	2.463945e+01	5.634749e+02
1.370000e-06	4.663332e-09	2.198271e-09	2.512544e+01	5.807415e+02
1.380000e-06	4.752018e-09	2.260374e-09	2.560358e+01	5.957425e+02
1.390000e-06	4.839366e-09	2.315548e-09	2.607449e+01	6.090418e+02
1.400000e-06	4.925475e-09	2.364706e-09	2.653875e+01	6.208495e+02
1.410000e-06	5.010373e-09	2.408302e-09	2.699651e+01	6.312757e+02
1.420000e-06	5.094110e-09	2.447028e-09	2.744799e+01	6.405557e+02
1.430000e-06	5.176583e-09	2.481493e-09	2.789261e+01	6.488468e+02
1.440000e-06	5.257592e-09	2.512149e-09	2.832934e+01	6.562014e+02
1.450000e-06	5.337091e-09	2.539195e-09	2.875798e+01	6.626513e+02
1.460000e-06	5.415110e-09	2.562775e-09	2.917871e+01	6.682418e+02
1.470000e-06	5.491656e-09	2.583151e-09	2.959148e+01	6.730433e+02
1.480000e-06	5.566647e-09	2.600901e-09	2.999591e+01	6.772265e+02
1.490000e-06	5.639913e-09	2.616632e-09	3.039104e+01	6.809734e+02
1.500000e-06	5.711510e-09	2.630620e-09	3.077711e+01	6.843352e+02
1.510000e-06	5.781577e-09	2.643229e-09	3.115495e+01	6.873737e+02
1.520000e-06	5.850155e-09	2.654832e-09	3.152475e+01	6.901887e+02
1.530000e-06	5.917190e-09	2.665509e-09	3.188623e+01	6.927890e+02
1.540000e-06	5.982477e-09	2.675231e-09	3.223833e+01	6.951397e+02
1.550000e-06	6.046016e-09	2.683882e-09	3.258098e+01	6.972255e+02
1.560000e-06	6.107985e-09	2.691421e-09	3.291518e+01	6.990622e+02
1.570000e-06	6.168466e-09	2.698010e-09	3.324137e+01	7.006852e+02
1.580000e-06	6.227395e-09	2.704041e-09	3.355921e+01	7.021747e+02
1.590000e-06	6.284524e-09	2.710038e-09	3.386737e+01	7.036556e+02
1.600000e-06	6.339803e-09	2.716044e-09	3.416557e+01	7.051281e+02
1.610000e-06	6.393323e-09	2.721616e-09	3.445427e+01	7.064772e+02
1.620000e-06	6.444900e-09	2.726579e-09	3.473250e+01	7.076751e+02
1.630000e-06	6.494345e-09	2.730783e-09	3.499922e+01	7.087104e+02
1.640000e-06	6.541788e-09	2.734036e-09	3.525515e+01	7.095218e+02
1.650000e-06	6.587471e-09	2.736831e-09	3.550160e+01	7.102117e+02
1.660000e-06	6.631528e-09	2.739418e-09	3.573927e+01	7.108578e+02
1.670000e-06	6.673786e-09	2.741854e-09	3.596725e+01	7.114721e+02
1.680000e-06	6.714090e-09	2.744528e-09	3.618470e+01	7.121413e+02
1.690000e-06	6.752597e-09	2.747320e-09	3.639246e+01	7.128403e+02
1.700000e-06	6.789448e-09	2.749816e-09	3.659136e+01	7.134675e+02
1.710000e-06	6.824573e-09	2.751907e-09	3.678095e+01	7.139993e+02
1.720000e-06	6.857772e-09	2.753647e-09	3.696014e+01	7.144550e+02
1.730000e-06	6.889079e-09	2.754943e-09	3.712913e+01	7.148000e+02
1.740000e-06	6.918674e-09	2.755929e-09	3.728889e+01	7.150514e+02
1.750000e-06	6.946584e-09	2.757019e-09	3.743954e+01	7.153213e+02
1.760000e-06	6.972576e-09	2.758235e-09	3.757986e+01	7.156231e+02
1.770000e-06	6.996524e-09	2.759482e-09	3.770914e+01	7.159396e+02
1.780000e-06	7.018620e-09	2.760727e-09	3.782844e+01	7.162726e+02
1.790000e-06	7.039035e-09	2.761874e-09	3.793870e+01	7.165763e+02
1.800000e-06	7.057706e-09	2.762854e-09	3.803955e+01	7.168214e+02
1.810000e-06	7.074410e-09	2.763553e-09	3.812976e+01	7.169937e+02
1.820000e-06	7.089095e-09	2.763993e-09	3.820910e+01	7.171006e+02
1.830000e-06	7.101772e-09	2.764319e-09	3.827768e+01	7.171758e+02
1.840000e-06	7.112296e-09	2.764591e-09	3.833468e+01	7.172353e+02
1.850000e-06	7.120680e-09	2.764857e-09	3.838012e+01	7.172993e+02
1.860000e-06	7.127135e-09	2.765231e-09	3.841515e+01	7.173995e+02
1.870000e-06	7.131798e-09	2.765550e-09	3.844052e+01	7.174880e+02
1.880000e-06	7.134579e-09	2.765663e-09	3.845573e+01	7.175130e+02
1.890000e-06	7.135328e-09	2.765824e-09	3.845999e+01	7.175405e+02
1.900000e-06	7.134165e-09	2.766127e-09	3.845397e+01	7.176089e+02
1.910000e-06	7.131297e-09	2.766385e-09	3.843873e+01	7.176593e+02
1.920000e-06	7.126708e-09	2.766316e-09	3.841423e+01	7.176098e+02
1.930000e-06	7.120195e-09	2.765902e-09	3.837936e+01	7.174888e+02
1.940000e-06	7.111792e-09	2.765564e-09	3.833430e+01	7.174052e+02
1.950000e-06	7.101670e-09	2.765182e-09	3.828001e+01	7.172776e+02
1.960000e-06	7.089686e-09	2.763525e-09	3.821574e+01	7.167667e+02
1.970000e-06	7.075604e-09	2.762352e-09	3.814017e+01	7.164541e+02
1.980000e-06	7.059368e-09	2.768995e-09	3.805294e+01	7.184330e+02
1.990000e-06	7.040776e-09	2.775739e-09	3.795300e+01	7.202815e+02
2.000000e-06	7.019514e-09	2.767113e-09	3.783872e+01	7.176678e+02
2.010000e-06	6.996037e-09	2.751242e-09	3.771242e+01	7.131515e+02
2.020000e-06	6.971354e-09	2.749188e-09	3.757945e+01	7.127392e+02
2.030000e-06	6.945616e-09	2.768664e-09	3.744084e+01	7.183895e+02
2.040000e-06	6.918162e-09	2.775737e-09	3.729308e+01	7.199566e+02
2.050000e-06	6.888750e-09	2.760726e-09	3.713473e+01	7.152832e+02
2.060000e-06	6.857553e-09	2.771958e-09	3.696677e+01	7.185462e+02
2.070000e-06	6.824447e-09	2.789620e-09	3.678860e+01	7.233568e+02
2.080000e-06	6.789470e-09	2.771217e-09	3.660033e+01	7.178939e+02
2.090000e-06	6.752907e-09	2.763857e-09	3.640351e+01	7.162991e+02
2.100000e-06	6.714535e-09	2.775716e-09	3.619697e+01	7.201028e+02
2.110000e-06	6.674261e-09	2.757842e-09	3.598012e+01	7.150082e+02
2.120000e-06	6.632313e-09	2.745638e-09	3.575420e+01	7.120315e+02
2.130000e-06	6.588665e-09	2.757896e-09	3.551915e+01	7.159159e+02
2.140000e-06	6.543242e-09	2.743314e-09	3.527453e+01	7.117336e+02
2.150000e-06	6.495942e-09	2.733287e-09	3.501978e+01	7.093078e+02
2.160000e-06	6.446751e-09	2.747471e-09	3.475486e+01	7.135278e+02
2.170000e-06	6.395802e-09	2.735800e-09	3.448048e+01	7.100801e+02
2.180000e-06	6.342881e-09	2.730291e-09	3.419551e+01	7.088710e+02
2.190000e-06	6.287856e-09	2.740845e-09	3.389919e+01	7.119013e+02
2.200000e-06	6.231037e-09	2.733079e-09	3.359316e+01	7.095738e+02
2.210000e-06	6.172545e-09	2.733760e-09	3.327813e+01	7.099406e+02
2.220000e-06	6.112415e-09	2.734895e-09	3.295425e+01	7.101691e+02
2.230000e-06	6.050577e-09	2.726222e-09	3.262113e+01	7.076664e+02
2.240000e-06	5.986902e-09	2.727493e-09	3.227813e+01	7.080916e+02
2.250000e-06	5.921510e-09	2.726701e-09	3.192589e+01	7.078066e+02
2.260000e-06	5.854542e-09	2.719680e-09	3.156515e+01	7.057969e+02
2.270000e-06	5.785978e-09	2.717705e-09	3.119582e+01	7.052693e+02
2.280000e-06	5.715656e-09	2.721350e-09	3.081704e+01	7.062907e+02
2.290000e-06	5.643604e-09	2.717696e-09	3.042891e+01	7.052324e+02
2.300000e-06	5.570008e-09	2.711234e-09	3.003244e+01	7.034918e+02
2.310000e-06	5.494828e-09	2.713560e-09	2.962747e+01	7.041298e+02
2.320000e-06	5.417876e-09	2.709065e-09	2.921297e+01	7.027777e+02
2.330000e-06	5.339140e-09	2.702475e-09	2.878880e+01	7.009655e+02
2.340000e-06	5.258862e-09	2.703639e-09	2.835628e+01	7.012587e+02
2.350000e-06	5.177282e-09	2.700961e-09	2.791672e+01	7.005028e+02
2.360000e-06	5.094494e-09	2.696862e-09	2.747065e+01	6.993923e+02
2.370000e-06	5.010461e-09	2.694215e-09	2.701787e+01	6.986516e+02
2.380000e-06	4.924992e-09	2.691512e-09	2.655733e+01	6.978842e+02
2.390000e-06	4.837980e-09	2.688284e-09	2.608848e+01	6.969214e+02
2.400000e-06	4.749655e-09	2.683898e-09	2.561255e+01	6.957339e+02
2.410000e-06	4.660235e-09	2.680932e-09	2.513068e+01	6.948981e+02
2.420000e-06	4.569716e-09	2.677791e-09	2.464292e+01	6.939713e+02
2.430000e-06	4.478083e-09	2.674433e-09	2.414918e+01	6.930635e+02
2.440000e-06	4.385224e-09	2.670871e-09	2.364882e+01	6.920538e+02
2.450000e-06	4.290999e-09	2.667455e-09	2.314109e+01	6.911312e+02
2.460000e-06	4.195483e-09	2.664040e-09	2.262643e+01	6.901836e+02
2.470000e-06	4.098886e-09	2.658665e-09	2.210592e+01	6.886644e+02
2.480000e-06	4.001344e-09	2.654325e-09	2.158026e+01	6.874796e+02
2.490000e-06	3.902873e-09	2.650773e-09	2.104962e+01	6.864606e+02
2.500000e-06	3.803487e-09	2.646353e-09	2.051405e+01	6.852574e+02
2.510000e-06	3.703100e-09	2.642110e-09	1.997305e+01	6.841065e+02
2.520000e-06	3.601506e-09	2.638180e-09	1.942555e+01	6.829871e+02
2.530000e-06	3.498676e-09	2.633750e-09	1.887140e+01	6.817704e+02
2.540000e-06	3.394827e-09	2.628315e-09	1.831175e+01	6.802594e+02
2.550000e-06	3.290146e-09	2.623360e-09	1.774766e+01	6.788914e+02
2.560000e-06	3.184635e-09	2.618279e-09	1.717908e+01	6.775100e+02
2.570000e-06	3.078267e-09	2.612439e-09	1.660583e+01	6.759069e+02
2.580000e-06	2.971063e-09	2.607308e-09	1.602810e+01	6.745169e+02
2.590000e-06	2.863094e-09	2.602657e-09	1.544625e+01	6.732386e+02
2.600000e-06	2.754470e-09	2.597162e-09	1.486086e+01	6.717172e+02
2.610000e-06	2.645187e-09	2.591180e-09	1.427191e+01	6.700774e+02
2.620000e-06	2.535109e-09	2.585449e-09	1.367870e+01	6.684870e+02
2.630000e-06	2.424190e-09	2.579236e-09	1.308103e+01	6.667718e+02
2.640000e-06	2.312552e-09	2.572992e-09	1.247941e+01	6.650801e+02
2.650000e-06	2.200251e-09	2.567043e-09	1.187412e+01	6.634713e+02
2.660000e-06	2.087272e-09	2.560928e-09	1.126514e+01	6.617993e+02
2.670000e-06	1.973657e-09	2.555057e-09	1.065277e+01	6.601711e+02
2.680000e-06	1.859416e-09	2.549368e-09	1.003709e+01	6.585978e+02
2.690000e-06	1.744637e-09	2.543251e-09	9.418481e+00	6.569276e+02
2.700000e-06	1.629442e-09	2.536316e-09	8.797575e+00	6.550482e+02
2.710000e-06	1.513800e-09	2.528998e-09	8.174248e+00	6.530670e+02
2.720000e-06	1.397703e-09	2.521692e-09	7.548467e+00	6.510773e+02
2.730000e-06	1.281203e-09	2.514202e-09	6.920575e+00	6.490499e+02
2.740000e-06	1.164340e-09	2.506586e-09	6.290774e+00	6.470009e+02
2.750000e-06	1.047126e-09	2.498943e-09	5.659070e+00	6.449354e+02
2.760000e-06	9.295729e-10	2.491181e-09	5.025487e+00	6.428293e+02
2.770000e-06	8.117311e-10	2.483101e-09	4.390273e+00	6.406183e+02
2.780000e-06	6.936560e-10	2.474299e-09	3.753796e+00	6.382294e+02
2.790000e-06	5.754040e-10	2.464643e-09	3.116398e+00	6.356435e+02
2.800000e-06	4.570312e-10	2.454657e-09	2.478357e+00	6.329661e+02
2.810000e-06	3.385582e-10	2.444976e-09	1.839796e+00	6.303557e+02
2.820000e-06	2.200001e-10	2.435694e-09	1.200762e+00	6.278317e+02
2.830000e-06	1.013805e-10	2.426301e-09	5.613429e-01	6.252767e+02
2.840000e-06	-1.726676e-11	2.416152e-09	-7.824090e-02	6.225400e+02
2.850000e-06	-1.358862e-10	2.405126e-09	-7.176756e-01	6.195748e+02
2.860000e-06	-2.544228e-10	2.393630e-09	-1.356669e+00	6.164729e+02
2.870000e-06	-3.728350e-10	2.382064e-09	-1.995020e+00	6.133405e+02
2.880000e-06	-4.911113e-10	2.370216e-09	-2.632648e+00	6.101326e+02
2.890000e-06	-6.092430e-10	2.357539e-09	-3.269444e+00	6.067169e+02
2.900000e-06	-7.271971e-10	2.344085e-09	-3.905265e+00	6.031044e+02
2.910000e-06	-8.449272e-10	2.330033e-09	-4.539884e+00	5.993343e+02
2.920000e-06	-9.623584e-10	2.315128e-09	-5.172888e+00	5.953348e+02
2.930000e-06	-1.079428e-09	2.299394e-09	-5.803965e+00	5.911083e+02
2.940000e-06	-1.196133e-09	2.283046e-09	-6.433061e+00	5.867179e+02
2.950000e-06	-1.312472e-09	2.266107e-09	-7.060153e+00	5.821825e+02
2.960000e-06	-1.428423e-09	2.248873e-09	-7.685204e+00	5.775700e+02
2.970000e-06	-1.543967e-09	2.231378e-09	-8.308092e+00	5.728707e+02
2.980000e-06	-1.659089e-09	2.212858e-09	-8.928676e+00	5.678953e+02
2.990000e-06	-1.773750e-09	2.192857e-09	-9.546780e+00	5.625294e+02
3.000000e-06	-1.887860e-09	2.171656e-09	-1.016194e+01	5.568133e+02
3.010000e-06	-2.001329e-09	2.149402e-09	-1.077373e+01	5.507754e+02
3.020000e-06	-2.114123e-09	2.125733e-09	-1.138190e+01	5.443513e+02
3.030000e-06	-2.226197e-09	2.100256e-09	-1.198615e+01	5.374316e+02
3.040000e-06	-2.337533e-09	2.072687e-09	-1.258635e+01	5.299210e+02
3.050000e-06	-2.448148e-09	2.042726e-09	-1.318266e+01	5.217413e+02
3.060000e-06	-2.558075e-09	2.009828e-09	-1.377529e+01	5.127150e+02
3.070000e-06	-2.667357e-09	1.972895e-09	-1.436441e+01	5.024823e+02
3.080000e-06	-2.776001e-09	1.930226e-09	-1.495009e+01	4.905075e+02
3.090000e-06	-2.883995e-09	1.879205e-09	-1.553227e+01	4.759623e+02
3.100000e-06	-2.991318e-09	1.816032e-09	-1.611083e+01	4.575980e+02
3.110000e-06	-3.097883e-09	1.734684e-09	-1.668532e+01	4.334213e+02
3.120000e-06	-3.203586e-09	1.625276e-09	-1.725518e+01	4.002250e+02
3.130000e-06	-3.308418e-09	1.473316e-09	-1.782036e+01	3.534886e+02
3.140000e-06	-3.412369e-09	1.261178e-09	-1.838081e+01	2.884545e+02
3.150000e-06	-3.515352e-09	9.757420e-10	-1.893611e+01	2.033391e+02
3.160000e-06	-3.617235e-09	6.156961e-10	-1.948553e+01	1.006263e+02
3.170000e-06	-3.717970e-09	1.960069e-10	-2.002868e+01	-1.325578e+01
3.180000e-06	-3.817650e-09	-2.474095e-10	-2.056606e+01	-1.274284e+02
3.190000e-06	-3.916332e-09	-6.740196e-10	-2.109797e+01	-2.320141e+02
3.200000e-06	-4.013974e-09	-1.055246e-09	-2.162424e+01	-3.215080e+02
3.210000e-06	-4.110595e-09	-1.372141e-09	-2.214505e+01	-3.929160e+02
3.220000e-06	-4.206215e-09	-1.618030e-09	-2.266057e+01	-4.469974e+02
3.230000e-06	-4.300703e-09	-1.800223e-09	-2.317018e+01	-4.873358e+02
3.240000e-06	-4.393913e-09	-1.934065e-09	-2.367292e+01	-5.177209e+02
3.250000e-06	-4.485868e-09	-2.035711e-09	-2.416880e+01	-5.414713e+02
3.260000e-06	-4.576613e-09	-2.117528e-09	-2.465807e+01	-5.610418e+02
3.270000e-06	-4.666124e-09	-2.186984e-09	-2.514065e+01	-5.778321e+02
3.280000e-06	-4.754452e-09	-2.247729e-09	-2.561683e+01	-5.925081e+02
3.290000e-06	-4.841572e-09	-2.301440e-09	-2.608658e+01	-6.054310e+02
3.300000e-06	-4.927271e-09	-2.349139e-09	-2.654877e+01	-6.168784e+02
3.310000e-06	-5.011548e-09	-2.391457e-09	-2.700321e+01	-6.270311e+02
3.320000e-06	-5.094557e-09	-2.428945e-09	-2.745073e+01	-6.360394e+02
3.330000e-06	-5.176301e-09	-2.462312e-09	-2.789145e+01	-6.440688e+02
3.340000e-06	-5.256748e-09	-2.491761e-09	-2.832519e+01	-6.511223e+02
3.350000e-06	-5.335755e-09	-2.517597e-09	-2.875125e+01	-6.572559e+02
3.360000e-06	-5.413092e-09	-2.540551e-09	-2.916834e+01	-6.627014e+02
3.370000e-06	-5.488751e-09	-2.560647e-09	-2.957635e+01	-6.674913e+02
3.380000e-06	-5.562853e-09	-2.577952e-09	-2.997595e+01	-6.716190e+02
3.390000e-06	-5.635474e-09	-2.593261e-09	-3.036755e+01	-6.752814e+02
3.400000e-06	-5.706604e-09	-2.606981e-09	-3.075115e+01	-6.785711e+02
3.410000e-06	-5.776081e-09	-2.619154e-09	-3.112587e+01	-6.814762e+02
3.420000e-06	-5.843900e-09	-2.630139e-09	-3.149162e+01	-6.841057e+02
3.430000e-06	-5.910183e-09	-2.640016e-09	-3.184910e+01	-6.864796e+02
3.440000e-06	-5.974952e-09	-2.648487e-09	-3.219841e+01	-6.885096e+02
3.450000e-06	-6.038121e-09	-2.655736e-09	-3.253910e+01	-6.902551e+02
3.460000e-06	-6.099502e-09	-2.662296e-09	-3.287019e+01	-6.918556e+02
3.470000e-06	-6.159112e-09	-2.668486e-09	-3.319168e+01	-6.933866e+02
3.480000e-06	-6.217115e-09	-2.674339e-09	-3.350451e+01	-6.948557e+02
3.490000e-06	-6.273512e-09	-2.679680e-09	-3.380872e+01	-6.961906e+02
3.500000e-06	-6.328077e-09	-2.684519e-09	-3.410312e+01	-6.973807e+02
3.510000e-06	-6.380608e-09	-2.688956e-09	-3.438654e+01	-6.984751e+02
3.520000e-06	-6.431089e-09	-2.692740e-09	-3.465889e+01	-6.994266e+02
3.530000e-06	-6.479484e-09	-2.695787e-09	-3.492004e+01	-7.002073e+02
3.540000e-06	-6.525958e-09	-2.698340e-09	-3.517078e+01	-7.008575e+02
3.550000e-06	-6.570839e-09	-2.700737e-09	-3.541283e+01	-7.014622e+02
3.560000e-06	-6.614193e-09	-2.703443e-09	-3.564665e+01	-7.021522e+02
3.570000e-06	-6.655947e-09	-2.706383e-09	-3.587185e+01	-7.029040e+02
3.580000e-06	-6.696047e-09	-2.708968e-09	-3.608816e+01	-7.035711e+02
3.590000e-06	-6.734320e-09	-2.711320e-09	-3.629469e+01	-7.041799e+02
3.600000e-06	-6.770690e-09	-2.713704e-09	-3.649096e+01	-7.047947e+02
3.610000e-06	-6.805252e-09	-2.715668e-09	-3.667747e+01	-7.053206e+02
3.620000e-06	-6.838050e-09	-2.717222e-09	-3.685448e+01	-7.057526e+02
3.630000e-06	-6.868975e-09	-2.718593e-09	-3.702139e+01	-7.061282e+02
3.640000e-06	-6.897946e-09	-2.719784e-09	-3.717777e+01	-7.064383e+02
3.650000e-06	-6.925084e-09	-2.721042e-09	-3.732424e+01	-7.067536e+02
3.660000e-06	-6.950446e-09	-2.722340e-09	-3.746112e+01	-7.070859e+02
3.670000e-06	-6.973952e-09	-2.723623e-09	-3.758800e+01	-7.074305e+02
3.680000e-06	-6.995504e-09	-2.725082e-09	-3.770439e+01	-7.078314e+02
3.690000e-06	-7.015167e-09	-2.726395e-09	-3.781060e+01	-7.081899e+02
3.700000e-06	-7.033051e-09	-2.727320e-09	-3.790722e+01	-7.084397e+02
3.710000e-06	-7.049089e-09	-2.728183e-09	-3.799388e+01	-7.086754e+02
3.720000e-06	-7.063040e-09	-2.728923e-09	-3.806929e+01	-7.088819e+02
3.730000e-06	-7.074827e-09	-2.729413e-09	-3.813307e+01	-7.090122e+02
3.740000e-06	-7.084642e-09	-2.729940e-09	-3.818623e+01	-7.091457e+02
3.750000e-06	-7.092576e-09	-2.730536e-09	-3.822924e+01	-7.093057e+02
3.760000e-06	-7.098538e-09	-2.731032e-09	-3.826158e+01	-7.094455e+02
3.770000e-06	-7.102545e-09	-2.731572e-09	-3.828335e+01	-7.096013e+02
3.780000e-06	-7.104720e-09	-2.732060e-09	-3.829528e+01	-7.097504e+02
3.790000e-06	-7.105074e-09	-2.732146e-09	-3.829743e+01	-7.097741e+02
