# Temperatura_=_24.924242424242426
# Concentracion g/m^3_=_11700.0
# C_Vs_to_Am_M_A/Vsm_=_254322799225.57578
# pendiente_HvsI_1/m_=_3716.3
# ordenada_HvsI_A/m_=_1297.0
# frecuencia_Hz_=_135605.7453050577
# Promedio de 33 ciclos

Tiempo_(s)	Campo_(V.s)	Magnetizacion_(V.s)	Campo_(kA/m)	Magnetizacion_(A/m)
0.000000e+00	-1.041971e-08	-3.077549e-09	-5.695590e+01	-8.431621e+02
1.000000e-08	-1.041927e-08	-3.077882e-09	-5.695329e+01	-8.432558e+02
2.000000e-08	-1.041805e-08	-3.078618e-09	-5.694647e+01	-8.434650e+02
3.000000e-08	-1.041613e-08	-3.079036e-09	-5.693578e+01	-8.435663e+02
4.000000e-08	-1.041354e-08	-3.078810e-09	-5.692147e+01	-8.434929e+02
5.000000e-08	-1.041029e-08	-3.078728e-09	-5.690351e+01	-8.434513e+02
6.000000e-08	-1.040627e-08	-3.078601e-09	-5.688132e+01	-8.433918e+02
7.000000e-08	-1.040147e-08	-3.079318e-09	-5.685484e+01	-8.436131e+02
8.000000e-08	-1.039589e-08	-3.082013e-09	-5.682412e+01	-8.443958e+02
9.000000e-08	-1.038937e-08	-3.081150e-09	-5.678821e+01	-8.440397e+02
1.000000e-07	-1.038175e-08	-3.071877e-09	-5.674625e+01	-8.413096e+02
1.100000e-07	-1.037293e-08	-3.068344e-09	-5.669775e+01	-8.405319e+02
1.200000e-07	-1.036307e-08	-3.083495e-09	-5.664357e+01	-8.449795e+02
1.300000e-07	-1.035277e-08	-3.101401e-09	-5.658714e+01	-8.498512e+02
1.400000e-07	-1.034239e-08	-3.085564e-09	-5.653043e+01	-8.447565e+02
1.500000e-07	-1.033136e-08	-3.053180e-09	-5.646991e+01	-8.356944e+02
1.600000e-07	-1.031926e-08	-3.071419e-09	-5.640347e+01	-8.420138e+02
1.700000e-07	-1.030664e-08	-3.106989e-09	-5.633436e+01	-8.515212e+02
1.800000e-07	-1.029367e-08	-3.081583e-09	-5.626339e+01	-8.429644e+02
1.900000e-07	-1.027979e-08	-3.050147e-09	-5.618719e+01	-8.351919e+02
2.000000e-07	-1.026496e-08	-3.082322e-09	-5.610585e+01	-8.455614e+02
2.100000e-07	-1.024968e-08	-3.100205e-09	-5.602222e+01	-8.491203e+02
2.200000e-07	-1.023377e-08	-3.058800e-09	-5.593509e+01	-8.365459e+02
2.300000e-07	-1.021684e-08	-3.057484e-09	-5.584226e+01	-8.379132e+02
2.400000e-07	-1.019918e-08	-3.096756e-09	-5.574554e+01	-8.488351e+02
2.500000e-07	-1.018092e-08	-3.079128e-09	-5.564558e+01	-8.422419e+02
2.600000e-07	-1.016168e-08	-3.050803e-09	-5.554016e+01	-8.354795e+02
2.700000e-07	-1.014145e-08	-3.080425e-09	-5.542932e+01	-8.450078e+02
2.800000e-07	-1.012048e-08	-3.085675e-09	-5.531453e+01	-8.449801e+02
2.900000e-07	-1.009868e-08	-3.048752e-09	-5.519511e+01	-8.345756e+02
3.000000e-07	-1.007608e-08	-3.064067e-09	-5.507134e+01	-8.403991e+02
3.100000e-07	-1.005290e-08	-3.089451e-09	-5.494455e+01	-8.463200e+02
3.200000e-07	-1.002900e-08	-3.057254e-09	-5.481366e+01	-8.361016e+02
3.300000e-07	-1.000426e-08	-3.051493e-09	-5.467822e+01	-8.360028e+02
3.400000e-07	-9.978958e-09	-3.089815e-09	-5.453980e+01	-8.467395e+02
3.500000e-07	-9.953053e-09	-3.076702e-09	-5.439802e+01	-8.415209e+02
3.600000e-07	-9.926300e-09	-3.049990e-09	-5.425151e+01	-8.351769e+02
3.700000e-07	-9.898803e-09	-3.079129e-09	-5.410099e+01	-8.443333e+02
3.800000e-07	-9.870664e-09	-3.084422e-09	-5.394699e+01	-8.444037e+02
3.900000e-07	-9.841762e-09	-3.051981e-09	-5.378880e+01	-8.357349e+02
4.000000e-07	-9.812035e-09	-3.065204e-09	-5.362608e+01	-8.406956e+02
4.100000e-07	-9.781478e-09	-3.075892e-09	-5.345884e+01	-8.424881e+02
4.200000e-07	-9.750045e-09	-3.047788e-09	-5.328679e+01	-8.346346e+02
4.300000e-07	-9.717819e-09	-3.055223e-09	-5.311045e+01	-8.379236e+02
4.400000e-07	-9.684931e-09	-3.073220e-09	-5.293049e+01	-8.419847e+02
4.500000e-07	-9.651436e-09	-3.053962e-09	-5.274724e+01	-8.362686e+02
4.600000e-07	-9.617352e-09	-3.051018e-09	-5.256077e+01	-8.364667e+02
4.700000e-07	-9.582668e-09	-3.064067e-09	-5.237102e+01	-8.395585e+02
4.800000e-07	-9.547332e-09	-3.054594e-09	-5.217769e+01	-8.364741e+02
4.900000e-07	-9.511332e-09	-3.050989e-09	-5.198072e+01	-8.361557e+02
5.000000e-07	-9.474646e-09	-3.057805e-09	-5.177999e+01	-8.377496e+02
5.100000e-07	-9.437271e-09	-3.053458e-09	-5.157549e+01	-8.361899e+02
5.200000e-07	-9.399225e-09	-3.053512e-09	-5.136731e+01	-8.366580e+02
5.300000e-07	-9.360477e-09	-3.057631e-09	-5.115528e+01	-8.376145e+02
5.400000e-07	-9.320975e-09	-3.051530e-09	-5.093915e+01	-8.356035e+02
5.500000e-07	-9.280736e-09	-3.050027e-09	-5.071900e+01	-8.355240e+02
5.600000e-07	-9.239810e-09	-3.052786e-09	-5.049512e+01	-8.361989e+02
5.700000e-07	-9.198191e-09	-3.049124e-09	-5.026743e+01	-8.349136e+02
5.800000e-07	-9.155906e-09	-3.049160e-09	-5.003608e+01	-8.351051e+02
5.900000e-07	-9.112995e-09	-3.052023e-09	-4.980133e+01	-8.358540e+02
6.000000e-07	-9.069471e-09	-3.048663e-09	-4.956325e+01	-8.346884e+02
6.100000e-07	-9.025338e-09	-3.046563e-09	-4.932186e+01	-8.341977e+02
6.200000e-07	-8.980564e-09	-3.047726e-09	-4.907695e+01	-8.345363e+02
6.300000e-07	-8.935101e-09	-3.046181e-09	-4.882827e+01	-8.339755e+02
6.400000e-07	-8.888926e-09	-3.045106e-09	-4.857570e+01	-8.336934e+02
6.500000e-07	-8.842059e-09	-3.046006e-09	-4.831934e+01	-8.339347e+02
6.600000e-07	-8.794527e-09	-3.044695e-09	-4.805932e+01	-8.334434e+02
6.700000e-07	-8.746327e-09	-3.042552e-09	-4.779566e+01	-8.328099e+02
6.800000e-07	-8.697468e-09	-3.041296e-09	-4.752841e+01	-8.324624e+02
6.900000e-07	-8.647933e-09	-3.039322e-09	-4.725745e+01	-8.318761e+02
7.000000e-07	-8.597745e-09	-3.037591e-09	-4.698292e+01	-8.313724e+02
7.100000e-07	-8.546936e-09	-3.037055e-09	-4.670501e+01	-8.311993e+02
7.200000e-07	-8.495512e-09	-3.037544e-09	-4.642374e+01	-8.312950e+02
7.300000e-07	-8.443503e-09	-3.038494e-09	-4.613930e+01	-8.314996e+02
7.400000e-07	-8.390932e-09	-3.037480e-09	-4.585182e+01	-8.311285e+02
7.500000e-07	-8.337800e-09	-3.033891e-09	-4.556125e+01	-8.300695e+02
7.600000e-07	-8.284110e-09	-3.030813e-09	-4.526760e+01	-8.292062e+02
7.700000e-07	-8.229822e-09	-3.029453e-09	-4.497066e+01	-8.288091e+02
7.800000e-07	-8.174871e-09	-3.028592e-09	-4.467010e+01	-8.285408e+02
7.900000e-07	-8.119245e-09	-3.027700e-09	-4.436591e+01	-8.282440e+02
8.000000e-07	-8.062949e-09	-3.027275e-09	-4.405805e+01	-8.280689e+02
8.100000e-07	-8.005989e-09	-3.026950e-09	-4.374658e+01	-8.279196e+02
8.200000e-07	-7.948404e-09	-3.026279e-09	-4.343170e+01	-8.276854e+02
8.300000e-07	-7.890216e-09	-3.024441e-09	-4.311348e+01	-8.271243e+02
8.400000e-07	-7.831430e-09	-3.021429e-09	-4.279196e+01	-8.262345e+02
8.500000e-07	-7.772083e-09	-3.018033e-09	-4.246737e+01	-8.252264e+02
8.600000e-07	-7.712231e-09	-3.015898e-09	-4.214005e+01	-8.245877e+02
8.700000e-07	-7.651871e-09	-3.015108e-09	-4.180997e+01	-8.243343e+02
8.800000e-07	-7.590996e-09	-3.014191e-09	-4.147707e+01	-8.240310e+02
8.900000e-07	-7.529630e-09	-3.012956e-09	-4.114150e+01	-8.236309e+02
9.000000e-07	-7.467757e-09	-3.011516e-09	-4.080315e+01	-8.231798e+02
9.100000e-07	-7.405331e-09	-3.009489e-09	-4.046175e+01	-8.225606e+02
9.200000e-07	-7.342329e-09	-3.007363e-09	-4.011717e+01	-8.219229e+02
9.300000e-07	-7.278750e-09	-3.005327e-09	-3.976947e+01	-8.213156e+02
9.400000e-07	-7.214621e-09	-3.002899e-09	-3.941877e+01	-8.206032e+02
9.500000e-07	-7.149972e-09	-3.000481e-09	-3.906524e+01	-8.198943e+02
9.600000e-07	-7.084805e-09	-2.998753e-09	-3.870888e+01	-8.193693e+02
9.700000e-07	-7.019124e-09	-2.997497e-09	-3.834973e+01	-8.189734e+02
9.800000e-07	-6.952927e-09	-2.995952e-09	-3.798776e+01	-8.185026e+02
9.900000e-07	-6.886224e-09	-2.994044e-09	-3.762301e+01	-8.179248e+02
1.000000e-06	-6.819031e-09	-2.992130e-09	-3.725558e+01	-8.173347e+02
1.010000e-06	-6.751371e-09	-2.990508e-09	-3.688560e+01	-8.168361e+02
1.020000e-06	-6.683261e-09	-2.988510e-09	-3.651319e+01	-8.162361e+02
1.030000e-06	-6.614723e-09	-2.986277e-09	-3.613843e+01	-8.155785e+02
1.040000e-06	-6.545739e-09	-2.984555e-09	-3.576121e+01	-8.150655e+02
1.050000e-06	-6.476289e-09	-2.983001e-09	-3.538144e+01	-8.145769e+02
1.060000e-06	-6.406351e-09	-2.981467e-09	-3.499899e+01	-8.140811e+02
1.070000e-06	-6.335883e-09	-2.980333e-09	-3.461366e+01	-8.137177e+02
1.080000e-06	-6.264875e-09	-2.979021e-09	-3.422540e+01	-8.133004e+02
1.090000e-06	-6.193371e-09	-2.976732e-09	-3.383446e+01	-8.125943e+02
1.100000e-06	-6.121409e-09	-2.973892e-09	-3.344100e+01	-8.117465e+02
1.110000e-06	-6.048984e-09	-2.971307e-09	-3.304499e+01	-8.109961e+02
1.120000e-06	-5.976084e-09	-2.969058e-09	-3.264637e+01	-8.103546e+02
1.130000e-06	-5.902724e-09	-2.967468e-09	-3.224523e+01	-8.098998e+02
1.140000e-06	-5.828950e-09	-2.966227e-09	-3.184184e+01	-8.095140e+02
1.150000e-06	-5.754793e-09	-2.964657e-09	-3.143639e+01	-8.090149e+02
1.160000e-06	-5.680256e-09	-2.962738e-09	-3.102889e+01	-8.084202e+02
1.170000e-06	-5.605355e-09	-2.960542e-09	-3.061938e+01	-8.077658e+02
1.180000e-06	-5.530080e-09	-2.958143e-09	-3.020778e+01	-8.070642e+02
1.190000e-06	-5.454408e-09	-2.955624e-09	-2.979402e+01	-8.063192e+02
1.200000e-06	-5.378331e-09	-2.953061e-09	-2.937803e+01	-8.055493e+02
1.210000e-06	-5.301834e-09	-2.950933e-09	-2.895974e+01	-8.049087e+02
1.220000e-06	-5.224909e-09	-2.949258e-09	-2.853910e+01	-8.044008e+02
1.230000e-06	-5.147581e-09	-2.947580e-09	-2.811632e+01	-8.038906e+02
1.240000e-06	-5.069891e-09	-2.945518e-09	-2.769159e+01	-8.032564e+02
1.250000e-06	-4.991853e-09	-2.942742e-09	-2.726495e+01	-8.024233e+02
1.260000e-06	-4.913475e-09	-2.939877e-09	-2.683642e+01	-8.016041e+02
1.270000e-06	-4.834758e-09	-2.937457e-09	-2.640603e+01	-8.009089e+02
1.280000e-06	-4.755690e-09	-2.935062e-09	-2.597373e+01	-8.001858e+02
1.290000e-06	-4.676270e-09	-2.932332e-09	-2.553955e+01	-7.993536e+02
1.300000e-06	-4.596522e-09	-2.929538e-09	-2.510355e+01	-7.985077e+02
1.310000e-06	-4.516459e-09	-2.926948e-09	-2.466582e+01	-7.977314e+02
1.320000e-06	-4.436072e-09	-2.924650e-09	-2.422633e+01	-7.970769e+02
1.330000e-06	-4.355348e-09	-2.922319e-09	-2.378501e+01	-7.964187e+02
1.340000e-06	-4.274263e-09	-2.919389e-09	-2.334174e+01	-7.955608e+02
1.350000e-06	-4.192808e-09	-2.916069e-09	-2.289643e+01	-7.945877e+02
1.360000e-06	-4.110986e-09	-2.913130e-09	-2.244911e+01	-7.937332e+02
1.370000e-06	-4.028811e-09	-2.910650e-09	-2.199989e+01	-7.929908e+02
1.380000e-06	-3.946315e-09	-2.908075e-09	-2.154893e+01	-7.922069e+02
1.390000e-06	-3.863519e-09	-2.905043e-09	-2.109633e+01	-7.913090e+02
1.400000e-06	-3.780452e-09	-2.901606e-09	-2.064221e+01	-7.903153e+02
1.410000e-06	-3.697139e-09	-2.898153e-09	-2.018675e+01	-7.893249e+02
1.420000e-06	-3.613595e-09	-2.894975e-09	-1.973003e+01	-7.884283e+02
1.430000e-06	-3.529822e-09	-2.891830e-09	-1.927206e+01	-7.875348e+02
1.440000e-06	-3.445800e-09	-2.888457e-09	-1.881273e+01	-7.865373e+02
1.450000e-06	-3.361537e-09	-2.884957e-09	-1.835209e+01	-7.854989e+02
1.460000e-06	-3.277050e-09	-2.881804e-09	-1.789018e+01	-7.845796e+02
1.470000e-06	-3.192327e-09	-2.878762e-09	-1.742696e+01	-7.836847e+02
1.480000e-06	-3.107371e-09	-2.875155e-09	-1.696248e+01	-7.826292e+02
1.490000e-06	-3.022189e-09	-2.871060e-09	-1.649676e+01	-7.814500e+02
1.500000e-06	-2.936785e-09	-2.867120e-09	-1.602984e+01	-7.803058e+02
1.510000e-06	-2.851157e-09	-2.863759e-09	-1.556171e+01	-7.793289e+02
1.520000e-06	-2.765316e-09	-2.860767e-09	-1.509243e+01	-7.784616e+02
1.530000e-06	-2.679289e-09	-2.857508e-09	-1.462211e+01	-7.774887e+02
1.540000e-06	-2.593100e-09	-2.853714e-09	-1.415092e+01	-7.763574e+02
1.550000e-06	-2.506765e-09	-2.849595e-09	-1.367893e+01	-7.751640e+02
1.560000e-06	-2.420289e-09	-2.845372e-09	-1.320618e+01	-7.739518e+02
1.570000e-06	-2.333669e-09	-2.841060e-09	-1.273267e+01	-7.727068e+02
1.580000e-06	-2.246905e-09	-2.836412e-09	-1.225836e+01	-7.713600e+02
1.590000e-06	-2.159985e-09	-2.831772e-09	-1.178318e+01	-7.700117e+02
1.600000e-06	-2.072907e-09	-2.827718e-09	-1.130716e+01	-7.688224e+02
1.610000e-06	-1.985689e-09	-2.823893e-09	-1.083037e+01	-7.676871e+02
1.620000e-06	-1.898322e-09	-2.819715e-09	-1.035278e+01	-7.664590e+02
1.630000e-06	-1.810797e-09	-2.815285e-09	-9.874324e+00	-7.651855e+02
1.640000e-06	-1.723124e-09	-2.810180e-09	-9.395053e+00	-7.637222e+02
1.650000e-06	-1.635306e-09	-2.804451e-09	-8.914999e+00	-7.620731e+02
1.660000e-06	-1.547362e-09	-2.799264e-09	-8.434252e+00	-7.605942e+02
1.670000e-06	-1.459331e-09	-2.794873e-09	-7.952990e+00	-7.593490e+02
1.680000e-06	-1.371232e-09	-2.790383e-09	-7.471375e+00	-7.580341e+02
1.690000e-06	-1.283069e-09	-2.785357e-09	-6.989430e+00	-7.565327e+02
1.700000e-06	-1.194843e-09	-2.780068e-09	-6.507148e+00	-7.549631e+02
1.710000e-06	-1.106551e-09	-2.774465e-09	-6.024499e+00	-7.533272e+02
1.720000e-06	-1.018193e-09	-2.768449e-09	-5.541469e+00	-7.516033e+02
1.730000e-06	-9.297577e-10	-2.762328e-09	-5.058041e+00	-7.498628e+02
1.740000e-06	-8.412445e-10	-2.756239e-09	-4.574192e+00	-7.481129e+02
1.750000e-06	-7.526532e-10	-2.750290e-09	-4.089905e+00	-7.464016e+02
1.760000e-06	-6.639806e-10	-2.744557e-09	-3.605191e+00	-7.447542e+02
1.770000e-06	-5.752340e-10	-2.738578e-09	-3.120109e+00	-7.430198e+02
1.780000e-06	-4.864344e-10	-2.731893e-09	-2.634719e+00	-7.410855e+02
1.790000e-06	-3.975929e-10	-2.724580e-09	-2.149055e+00	-7.389747e+02
1.800000e-06	-3.087210e-10	-2.717199e-09	-1.663219e+00	-7.368475e+02
1.810000e-06	-2.198362e-10	-2.709970e-09	-1.177324e+00	-7.347771e+02
1.820000e-06	-1.309558e-10	-2.702814e-09	-6.914575e-01	-7.327340e+02
1.830000e-06	-4.210207e-11	-2.695685e-09	-2.057325e-01	-7.306823e+02
1.840000e-06	4.672215e-11	-2.687660e-09	2.798292e-01	-7.283537e+02
1.850000e-06	1.355267e-10	-2.678572e-09	7.652656e-01	-7.257360e+02
1.860000e-06	2.243127e-10	-2.669463e-09	1.250595e+00	-7.231380e+02
1.870000e-06	3.130849e-10	-2.660087e-09	1.735855e+00	-7.204806e+02
1.880000e-06	4.018487e-10	-2.650180e-09	2.221062e+00	-7.176740e+02
1.890000e-06	4.906010e-10	-2.640235e-09	2.706201e+00	-7.148319e+02
1.900000e-06	5.793431e-10	-2.630272e-09	3.191291e+00	-7.119716e+02
1.910000e-06	6.680582e-10	-2.620052e-09	3.676243e+00	-7.090554e+02
1.920000e-06	7.567271e-10	-2.609199e-09	4.160950e+00	-7.059957e+02
1.930000e-06	8.453454e-10	-2.597370e-09	4.645372e+00	-7.026687e+02
1.940000e-06	9.338932e-10	-2.584645e-09	5.129391e+00	-6.990700e+02
1.950000e-06	1.022352e-09	-2.571538e-09	5.612929e+00	-6.953681e+02
1.960000e-06	1.110713e-09	-2.558513e-09	6.095936e+00	-6.917096e+02
1.970000e-06	1.198964e-09	-2.545529e-09	6.578331e+00	-6.880556e+02
1.980000e-06	1.287108e-09	-2.532085e-09	7.060127e+00	-6.842562e+02
1.990000e-06	1.375146e-09	-2.518053e-09	7.541332e+00	-6.802889e+02
2.000000e-06	1.463078e-09	-2.503844e-09	8.021957e+00	-6.762713e+02
2.010000e-06	1.550914e-09	-2.489179e-09	8.502045e+00	-6.721443e+02
2.020000e-06	1.638662e-09	-2.473653e-09	8.981631e+00	-6.677866e+02
2.030000e-06	1.726312e-09	-2.457030e-09	9.460711e+00	-6.630990e+02
2.040000e-06	1.813858e-09	-2.439229e-09	9.939230e+00	-6.580626e+02
2.050000e-06	1.901298e-09	-2.421019e-09	1.041716e+01	-6.529115e+02
2.060000e-06	1.988615e-09	-2.402591e-09	1.089441e+01	-6.476942e+02
2.070000e-06	2.075786e-09	-2.383529e-09	1.137087e+01	-6.422978e+02
2.080000e-06	2.162807e-09	-2.363361e-09	1.184652e+01	-6.365672e+02
2.090000e-06	2.249670e-09	-2.341523e-09	1.232128e+01	-6.303224e+02
2.100000e-06	2.336349e-09	-2.318112e-09	1.279504e+01	-6.236193e+02
2.110000e-06	2.422844e-09	-2.293229e-09	1.326783e+01	-6.165114e+02
2.120000e-06	2.509169e-09	-2.266094e-09	1.373966e+01	-6.087517e+02
2.130000e-06	2.595315e-09	-2.235774e-09	1.421050e+01	-6.000254e+02
2.140000e-06	2.681277e-09	-2.201824e-09	1.468035e+01	-5.901851e+02
2.150000e-06	2.767058e-09	-2.163521e-09	1.514922e+01	-5.789798e+02
2.160000e-06	2.852662e-09	-2.119195e-09	1.561714e+01	-5.658611e+02
2.170000e-06	2.938086e-09	-2.065814e-09	1.608406e+01	-5.498781e+02
2.180000e-06	3.023315e-09	-1.999325e-09	1.654993e+01	-5.297145e+02
2.190000e-06	3.108334e-09	-1.914192e-09	1.701463e+01	-5.035498e+02
2.200000e-06	3.193136e-09	-1.802086e-09	1.747812e+01	-4.687461e+02
2.210000e-06	3.277704e-09	-1.651650e-09	1.794033e+01	-4.218038e+02
2.220000e-06	3.362024e-09	-1.449475e-09	1.840119e+01	-3.588376e+02
2.230000e-06	3.446091e-09	-1.183290e-09	1.886067e+01	-2.770307e+02
2.240000e-06	3.529890e-09	-8.496115e-10	1.931870e+01	-1.769727e+02
2.250000e-06	3.613427e-09	-4.592959e-10	1.977528e+01	-6.348641e+01
2.260000e-06	3.696716e-09	-3.455911e-11	2.023050e+01	5.596940e+01
2.270000e-06	3.779749e-09	3.941870e-10	2.068433e+01	1.723960e+02
2.280000e-06	3.862508e-09	7.943755e-10	2.113664e+01	2.770327e+02
2.290000e-06	3.944982e-09	1.142753e-09	2.158734e+01	3.645127e+02
2.300000e-06	4.027156e-09	1.430315e-09	2.203640e+01	4.338831e+02
2.310000e-06	4.109022e-09	1.658986e-09	2.248377e+01	4.874015e+02
2.320000e-06	4.190578e-09	1.837167e-09	2.292939e+01	5.287902e+02
2.330000e-06	4.271820e-09	1.976771e-09	2.337331e+01	5.617615e+02
2.340000e-06	4.352746e-09	2.089598e-09	2.381556e+01	5.891598e+02
2.350000e-06	4.433332e-09	2.184113e-09	2.425597e+01	6.126764e+02
2.360000e-06	4.513569e-09	2.265947e-09	2.469446e+01	6.333276e+02
2.370000e-06	4.593466e-09	2.338491e-09	2.513106e+01	6.517247e+02
2.380000e-06	4.673008e-09	2.403155e-09	2.556572e+01	6.681241e+02
2.390000e-06	4.752178e-09	2.460773e-09	2.599835e+01	6.826959e+02
2.400000e-06	4.830976e-09	2.512247e-09	2.642897e+01	6.956661e+02
2.410000e-06	4.909412e-09	2.558014e-09	2.685762e+01	7.071852e+02
2.420000e-06	4.987503e-09	2.598307e-09	2.728437e+01	7.173341e+02
2.430000e-06	5.065262e-09	2.634361e-09	2.770931e+01	7.264259e+02
2.440000e-06	5.142694e-09	2.667138e-09	2.813245e+01	7.346895e+02
2.450000e-06	5.219783e-09	2.696463e-09	2.855373e+01	7.420579e+02
2.460000e-06	5.296516e-09	2.722173e-09	2.897306e+01	7.484814e+02
2.470000e-06	5.372879e-09	2.744686e-09	2.939037e+01	7.541190e+02
2.480000e-06	5.448855e-09	2.764580e-09	2.980555e+01	7.591421e+02
2.490000e-06	5.524415e-09	2.782519e-09	3.021846e+01	7.636782e+02
2.500000e-06	5.599551e-09	2.798573e-09	3.062908e+01	7.677171e+02
2.510000e-06	5.674277e-09	2.812943e-09	3.103744e+01	7.713394e+02
2.520000e-06	5.748591e-09	2.826401e-09	3.144355e+01	7.747522e+02
2.530000e-06	5.822495e-09	2.838508e-09	3.184744e+01	7.778030e+02
2.540000e-06	5.895971e-09	2.848991e-09	3.224899e+01	7.804229e+02
2.550000e-06	5.969000e-09	2.858248e-09	3.264807e+01	7.827388e+02
2.560000e-06	6.041572e-09	2.866221e-09	3.304462e+01	7.847585e+02
2.570000e-06	6.113684e-09	2.873065e-09	3.343863e+01	7.865189e+02
2.580000e-06	6.185354e-09	2.879496e-09	3.383021e+01	7.881831e+02
2.590000e-06	6.256581e-09	2.885714e-09	3.421938e+01	7.897767e+02
2.600000e-06	6.327347e-09	2.891563e-09	3.460607e+01	7.912623e+02
2.610000e-06	6.397648e-09	2.897053e-09	3.499020e+01	7.926678e+02
2.620000e-06	6.467477e-09	2.901849e-09	3.537178e+01	7.939199e+02
2.630000e-06	6.536823e-09	2.905774e-09	3.575076e+01	7.949589e+02
2.640000e-06	6.605680e-09	2.909635e-09	3.612705e+01	7.959854e+02
2.650000e-06	6.674054e-09	2.913709e-09	3.650066e+01	7.970740e+02
2.660000e-06	6.741947e-09	2.917387e-09	3.687164e+01	7.980660e+02
2.670000e-06	6.809354e-09	2.920827e-09	3.723996e+01	7.990142e+02
2.680000e-06	6.876273e-09	2.924371e-09	3.760561e+01	7.999893e+02
2.690000e-06	6.942708e-09	2.927979e-09	3.796862e+01	8.009433e+02
2.700000e-06	7.008655e-09	2.931256e-09	3.832895e+01	8.017927e+02
2.710000e-06	7.074102e-09	2.933945e-09	3.868654e+01	8.025166e+02
2.720000e-06	7.139056e-09	2.936349e-09	3.904143e+01	8.031971e+02
2.730000e-06	7.203522e-09	2.938885e-09	3.939367e+01	8.039185e+02
2.740000e-06	7.267484e-09	2.941835e-09	3.974315e+01	8.047357e+02
2.750000e-06	7.330928e-09	2.945008e-09	4.008980e+01	8.056126e+02
2.760000e-06	7.393842e-09	2.947816e-09	4.043355e+01	8.063941e+02
2.770000e-06	7.456201e-09	2.950364e-09	4.077423e+01	8.071152e+02
2.780000e-06	7.517989e-09	2.952765e-09	4.111178e+01	8.077945e+02
2.790000e-06	7.579195e-09	2.955054e-09	4.144616e+01	8.084280e+02
2.800000e-06	7.639827e-09	2.957520e-09	4.177742e+01	8.091192e+02
2.810000e-06	7.699910e-09	2.959687e-09	4.210568e+01	8.097392e+02
2.820000e-06	7.759450e-09	2.961830e-09	4.243098e+01	8.103769e+02
2.830000e-06	7.818451e-09	2.964481e-09	4.275333e+01	8.111574e+02
2.840000e-06	7.876920e-09	2.966958e-09	4.307277e+01	8.118527e+02
2.850000e-06	7.934843e-09	2.968840e-09	4.338921e+01	8.123714e+02
2.860000e-06	7.992199e-09	2.970462e-09	4.370255e+01	8.128396e+02
2.870000e-06	8.048969e-09	2.972236e-09	4.401269e+01	8.133744e+02
2.880000e-06	8.105135e-09	2.974545e-09	4.431951e+01	8.140505e+02
2.890000e-06	8.160686e-09	2.977266e-09	4.462295e+01	8.148111e+02
2.900000e-06	8.215605e-09	2.979579e-09	4.492296e+01	8.154485e+02
2.910000e-06	8.269886e-09	2.981312e-09	4.521949e+01	8.159499e+02
2.920000e-06	8.323557e-09	2.982979e-09	4.551270e+01	8.164477e+02
2.930000e-06	8.376628e-09	2.984763e-09	4.580264e+01	8.169639e+02
2.940000e-06	8.429083e-09	2.986716e-09	4.608919e+01	8.175298e+02
2.950000e-06	8.480934e-09	2.988533e-09	4.637244e+01	8.180640e+02
2.960000e-06	8.532180e-09	2.989969e-09	4.665239e+01	8.184846e+02
2.970000e-06	8.582837e-09	2.991211e-09	4.692912e+01	8.188636e+02
2.980000e-06	8.632930e-09	2.992770e-09	4.720278e+01	8.193415e+02
2.990000e-06	8.682437e-09	2.994923e-09	4.747323e+01	8.199671e+02
3.000000e-06	8.731339e-09	2.996943e-09	4.774037e+01	8.205363e+02
3.010000e-06	8.779618e-09	2.998407e-09	4.800408e+01	8.209654e+02
3.020000e-06	8.827250e-09	3.000079e-09	4.826425e+01	8.214815e+02
3.030000e-06	8.874221e-09	3.001875e-09	4.852081e+01	8.220162e+02
3.040000e-06	8.920503e-09	3.003018e-09	4.877358e+01	8.223511e+02
3.050000e-06	8.966062e-09	3.003898e-09	4.902238e+01	8.226211e+02
3.060000e-06	9.010915e-09	3.004944e-09	4.926733e+01	8.229439e+02
3.070000e-06	9.055112e-09	3.006444e-09	4.950874e+01	8.234004e+02
3.080000e-06	9.098687e-09	3.008459e-09	4.974678e+01	8.239977e+02
3.090000e-06	9.141642e-09	3.010193e-09	4.998142e+01	8.245059e+02
3.100000e-06	9.183954e-09	3.011414e-09	5.021251e+01	8.248727e+02
3.110000e-06	9.225605e-09	3.012578e-09	5.043996e+01	8.252320e+02
3.120000e-06	9.266611e-09	3.014162e-09	5.066391e+01	8.257023e+02
3.130000e-06	9.306978e-09	3.016068e-09	5.088439e+01	8.262532e+02
3.140000e-06	9.346673e-09	3.017498e-09	5.110119e+01	8.266691e+02
3.150000e-06	9.385668e-09	3.018402e-09	5.131414e+01	8.269390e+02
3.160000e-06	9.423962e-09	3.019485e-09	5.152326e+01	8.272706e+02
3.170000e-06	9.461591e-09	3.020952e-09	5.172875e+01	8.277223e+02
3.180000e-06	9.498590e-09	3.022622e-09	5.193081e+01	8.282380e+02
3.190000e-06	9.534931e-09	3.024102e-09	5.212926e+01	8.286778e+02
3.200000e-06	9.570559e-09	3.025128e-09	5.232380e+01	8.289605e+02
3.210000e-06	9.605468e-09	3.026343e-09	5.251443e+01	8.292983e+02
3.220000e-06	9.639711e-09	3.028068e-09	5.270145e+01	8.297938e+02
3.230000e-06	9.673326e-09	3.029555e-09	5.288503e+01	8.302390e+02
3.240000e-06	9.706293e-09	3.030555e-09	5.306505e+01	8.305667e+02
3.250000e-06	9.738568e-09	3.031485e-09	5.324126e+01	8.308872e+02
3.260000e-06	9.770137e-09	3.032573e-09	5.341361e+01	8.312394e+02
3.270000e-06	9.801019e-09	3.033771e-09	5.358221e+01	8.316195e+02
3.280000e-06	9.831184e-09	3.035018e-09	5.374688e+01	8.320053e+02
3.290000e-06	9.860574e-09	3.036089e-09	5.390729e+01	8.323023e+02
3.300000e-06	9.889207e-09	3.036787e-09	5.406356e+01	8.324816e+02
3.310000e-06	9.917140e-09	3.037788e-09	5.421603e+01	8.327663e+02
3.320000e-06	9.944381e-09	3.039183e-09	5.436474e+01	8.331809e+02
3.330000e-06	9.970891e-09	3.040197e-09	5.450943e+01	8.335028e+02
3.340000e-06	9.996648e-09	3.040773e-09	5.465000e+01	8.337204e+02
3.350000e-06	1.002169e-08	3.041390e-09	5.478671e+01	8.339420e+02
3.360000e-06	1.004610e-08	3.042355e-09	5.491994e+01	8.342270e+02
3.370000e-06	1.006986e-08	3.043447e-09	5.504965e+01	8.345282e+02
3.380000e-06	1.009289e-08	3.044382e-09	5.517531e+01	8.347901e+02
3.390000e-06	1.011517e-08	3.045245e-09	5.529686e+01	8.350367e+02
3.400000e-06	1.013672e-08	3.046068e-09	5.541442e+01	8.352681e+02
3.410000e-06	1.015746e-08	3.047010e-09	5.552759e+01	8.355468e+02
3.420000e-06	1.017733e-08	3.048193e-09	5.563593e+01	8.359076e+02
3.430000e-06	1.019638e-08	3.049038e-09	5.573978e+01	8.361723e+02
3.440000e-06	1.021470e-08	3.049496e-09	5.583975e+01	8.363257e+02
3.450000e-06	1.023236e-08	3.050178e-09	5.593608e+01	8.365340e+02
3.460000e-06	1.024926e-08	3.051124e-09	5.602828e+01	8.368132e+02
3.470000e-06	1.026537e-08	3.052094e-09	5.611613e+01	8.371069e+02
3.480000e-06	1.028076e-08	3.052762e-09	5.620007e+01	8.373140e+02
3.490000e-06	1.029549e-08	3.052986e-09	5.628038e+01	8.373895e+02
3.500000e-06	1.030951e-08	3.053377e-09	5.635683e+01	8.375075e+02
3.510000e-06	1.032275e-08	3.054322e-09	5.642901e+01	8.377743e+02
3.520000e-06	1.033526e-08	3.055249e-09	5.649715e+01	8.380443e+02
3.530000e-06	1.034709e-08	3.055756e-09	5.656167e+01	8.382134e+02
3.540000e-06	1.035827e-08	3.056057e-09	5.662259e+01	8.383305e+02
3.550000e-06	1.036870e-08	3.056163e-09	5.667935e+01	8.383869e+02
3.560000e-06	1.037831e-08	3.056356e-09	5.673166e+01	8.384502e+02
3.570000e-06	1.038719e-08	3.056992e-09	5.678000e+01	8.386299e+02
3.580000e-06	1.039540e-08	3.057446e-09	5.682466e+01	8.387572e+02
3.590000e-06	1.040290e-08	3.057573e-09	5.686546e+01	8.387913e+02
3.600000e-06	1.040961e-08	3.058055e-09	5.690192e+01	8.389291e+02
3.610000e-06	1.041553e-08	3.058926e-09	5.693407e+01	8.391830e+02
3.620000e-06	1.042069e-08	3.059652e-09	5.696210e+01	8.393993e+02
3.630000e-06	1.042504e-08	3.059855e-09	5.698561e+01	8.394618e+02
3.640000e-06	1.042854e-08	3.059704e-09	5.700453e+01	8.394248e+02
3.650000e-06	1.043130e-08	3.059981e-09	5.701944e+01	8.395006e+02
3.660000e-06	1.043337e-08	3.060466e-09	5.703063e+01	8.396241e+02
3.670000e-06	1.043477e-08	3.060555e-09	5.703806e+01	8.396327e+02
3.680000e-06	1.043540e-08	3.060505e-09	5.704129e+01	8.396119e+02
3.690000e-06	1.043527e-08	3.060539e-09	5.704034e+01	8.396306e+02
3.700000e-06	1.043445e-08	3.060333e-09	5.703566e+01	8.395863e+02
3.710000e-06	1.043299e-08	3.060350e-09	5.702751e+01	8.396179e+02
3.720000e-06	1.043082e-08	3.060899e-09	5.701546e+01	8.397821e+02
3.730000e-06	1.042789e-08	3.060695e-09	5.699920e+01	8.397012e+02
3.740000e-06	1.042427e-08	3.059936e-09	5.697924e+01	8.394744e+02
3.750000e-06	1.042001e-08	3.059443e-09	5.695577e+01	8.393181e+02
3.760000e-06	1.041503e-08	3.057095e-09	5.692837e+01	8.385945e+02
3.770000e-06	1.040925e-08	3.057686e-09	5.689656e+01	8.388812e+02
3.780000e-06	1.040253e-08	3.071079e-09	5.685960e+01	8.428949e+02
3.790000e-06	1.039458e-08	3.076585e-09	5.681581e+01	8.440771e+02
3.800000e-06	1.038521e-08	3.050239e-09	5.676417e+01	8.361573e+02
3.810000e-06	1.037496e-08	3.026570e-09	5.670792e+01	8.300304e+02
3.820000e-06	1.036463e-08	3.052308e-09	5.665146e+01	8.381825e+02
3.830000e-06	1.035416e-08	3.084767e-09	5.659423e+01	8.467657e+02
3.840000e-06	1.034278e-08	3.055146e-09	5.653175e+01	8.370319e+02
3.850000e-06	1.033036e-08	3.018673e-09	5.646353e+01	8.276841e+02
3.860000e-06	1.031748e-08	3.047953e-09	5.639301e+01	8.374883e+02
3.870000e-06	1.030414e-08	3.078086e-09	5.631997e+01	8.445546e+02
3.880000e-06	1.028979e-08	3.045464e-09	5.624122e+01	8.338532e+02
3.890000e-06	1.027452e-08	3.031601e-09	5.615750e+01	8.314038e+02
3.900000e-06	1.025877e-08	3.078894e-09	5.607134e+01	8.455233e+02
3.910000e-06	1.024242e-08	3.085801e-09	5.598179e+01	8.454965e+02
3.920000e-06	1.022528e-08	3.050600e-09	5.588784e+01	8.353406e+02
3.930000e-06	1.020753e-08	3.071751e-09	5.579067e+01	8.427245e+02
3.940000e-06	1.018910e-08	3.112796e-09	5.568972e+01	8.529813e+02
3.950000e-06	1.016967e-08	3.091552e-09	5.558316e+01	8.453254e+02
3.960000e-06	1.014934e-08	3.077272e-09	5.547182e+01	8.427262e+02
3.970000e-06	1.012833e-08	3.113997e-09	5.535681e+01	8.537741e+02
3.980000e-06	1.010650e-08	3.101710e-09	5.523730e+01	8.484125e+02
3.990000e-06	1.008388e-08	3.054197e-09	5.511343e+01	8.356154e+02
4.000000e-06	1.006063e-08	3.069020e-09	5.498617e+01	8.416302e+02
4.010000e-06	1.003667e-08	3.085283e-09	5.485504e+01	8.449028e+02
4.020000e-06	1.001192e-08	3.053164e-09	5.471955e+01	8.352644e+02
4.030000e-06	9.986426e-09	3.064600e-09	5.458001e+01	8.401696e+02
4.040000e-06	9.960236e-09	3.105935e-09	5.443665e+01	8.509319e+02
4.050000e-06	9.933351e-09	3.087294e-09	5.428946e+01	8.439593e+02
4.060000e-06	9.905786e-09	3.075526e-09	5.413859e+01	8.420207e+02
4.070000e-06	9.877466e-09	3.109543e-09	5.398357e+01	8.516412e+02
4.080000e-06	9.848369e-09	3.099134e-09	5.382430e+01	8.470405e+02
4.090000e-06	9.818497e-09	3.077865e-09	5.366083e+01	8.423164e+02
4.100000e-06	9.787741e-09	3.103976e-09	5.349252e+01	8.502501e+02
4.110000e-06	9.756110e-09	3.099038e-09	5.331940e+01	8.472798e+02
4.120000e-06	9.723778e-09	3.074819e-09	5.314249e+01	8.415221e+02
4.130000e-06	9.690839e-09	3.094864e-09	5.296229e+01	8.480163e+02
4.140000e-06	9.657267e-09	3.095761e-09	5.277863e+01	8.468225e+02
4.150000e-06	9.623039e-09	3.079320e-09	5.259136e+01	8.428226e+02
4.160000e-06	9.588111e-09	3.094703e-09	5.240023e+01	8.477904e+02
4.170000e-06	9.552486e-09	3.089722e-09	5.220530e+01	8.452230e+02
4.180000e-06	9.516221e-09	3.076425e-09	5.200689e+01	8.420011e+02
4.190000e-06	9.479299e-09	3.092181e-09	5.180491e+01	8.469211e+02
4.200000e-06	9.441683e-09	3.087452e-09	5.159914e+01	8.446932e+02
4.210000e-06	9.403372e-09	3.075800e-09	5.138956e+01	8.417481e+02
4.220000e-06	9.364369e-09	3.089759e-09	5.117619e+01	8.460402e+02
4.230000e-06	9.324689e-09	3.086508e-09	5.095911e+01	8.444672e+02
4.240000e-06	9.284296e-09	3.076006e-09	5.073813e+01	8.416985e+02
4.250000e-06	9.243149e-09	3.085486e-09	5.051304e+01	8.446118e+02
4.260000e-06	9.201292e-09	3.081903e-09	5.028407e+01	8.431667e+02
4.270000e-06	9.158836e-09	3.071541e-09	5.005184e+01	8.403731e+02
4.280000e-06	9.115807e-09	3.078825e-09	4.981647e+01	8.426510e+02
4.290000e-06	9.072176e-09	3.080986e-09	4.957781e+01	8.429507e+02
4.300000e-06	9.027903e-09	3.074593e-09	4.933562e+01	8.411000e+02
4.310000e-06	8.982955e-09	3.075901e-09	4.908975e+01	8.416241e+02
4.320000e-06	8.937322e-09	3.075518e-09	4.884015e+01	8.414049e+02
4.330000e-06	8.890984e-09	3.069850e-09	4.858669e+01	8.397496e+02
4.340000e-06	8.843915e-09	3.068824e-09	4.832926e+01	8.395563e+02
4.350000e-06	8.796125e-09	3.070170e-09	4.806788e+01	8.399006e+02
4.360000e-06	8.747674e-09	3.068209e-09	4.780287e+01	8.392555e+02
4.370000e-06	8.698597e-09	3.066148e-09	4.753444e+01	8.386808e+02
4.380000e-06	8.648850e-09	3.066357e-09	4.726233e+01	8.387291e+02
4.390000e-06	8.598437e-09	3.066483e-09	4.698661e+01	8.387146e+02
4.400000e-06	8.547411e-09	3.064195e-09	4.670755e+01	8.379998e+02
4.410000e-06	8.495788e-09	3.060010e-09	4.642522e+01	8.367706e+02
4.420000e-06	8.443609e-09	3.057522e-09	4.613984e+01	8.361076e+02
4.430000e-06	8.390885e-09	3.058475e-09	4.585147e+01	8.363767e+02
4.440000e-06	8.337588e-09	3.058178e-09	4.555998e+01	8.361761e+02
4.450000e-06	8.283702e-09	3.055791e-09	4.526531e+01	8.354735e+02
4.460000e-06	8.229192e-09	3.054618e-09	4.496720e+01	8.351513e+02
4.470000e-06	8.174047e-09	3.052982e-09	4.466556e+01	8.346260e+02
4.480000e-06	8.118273e-09	3.049824e-09	4.436051e+01	8.337066e+02
4.490000e-06	8.061843e-09	3.048262e-09	4.405190e+01	8.332994e+02
4.500000e-06	8.004774e-09	3.047698e-09	4.373980e+01	8.331053e+02
4.510000e-06	7.947102e-09	3.045711e-09	4.342442e+01	8.324657e+02
4.520000e-06	7.888846e-09	3.043965e-09	4.310582e+01	8.319435e+02
4.530000e-06	7.830005e-09	3.044215e-09	4.278399e+01	8.319945e+02
4.540000e-06	7.770603e-09	3.043610e-09	4.245912e+01	8.317547e+02
4.550000e-06	7.710685e-09	3.040988e-09	4.213145e+01	8.309735e+02
4.560000e-06	7.650247e-09	3.038934e-09	4.180097e+01	8.303855e+02
4.570000e-06	7.589262e-09	3.037320e-09	4.146747e+01	8.298919e+02
4.580000e-06	7.527766e-09	3.035245e-09	4.113118e+01	8.292677e+02
4.590000e-06	7.465769e-09	3.033475e-09	4.079214e+01	8.287342e+02
4.600000e-06	7.403211e-09	3.031576e-09	4.045001e+01	8.281462e+02
4.610000e-06	7.340069e-09	3.029203e-09	4.010473e+01	8.274356e+02
4.620000e-06	7.276366e-09	3.027739e-09	3.975641e+01	8.270193e+02
4.630000e-06	7.212091e-09	3.027211e-09	3.940494e+01	8.268669e+02
4.640000e-06	7.147258e-09	3.026666e-09	3.905040e+01	8.266808e+02
4.650000e-06	7.081902e-09	3.025220e-09	3.869302e+01	8.262037e+02
4.660000e-06	7.016031e-09	3.022823e-09	3.833281e+01	8.254597e+02
4.670000e-06	6.949664e-09	3.020208e-09	3.796991e+01	8.246854e+02
4.680000e-06	6.882814e-09	3.017896e-09	3.760439e+01	8.240080e+02
4.690000e-06	6.815480e-09	3.015843e-09	3.723621e+01	8.234059e+02
4.700000e-06	6.747676e-09	3.013977e-09	3.686545e+01	8.228640e+02
4.710000e-06	6.679438e-09	3.012551e-09	3.649231e+01	8.224298e+02
4.720000e-06	6.610769e-09	3.011968e-09	3.611680e+01	8.222454e+02
4.730000e-06	6.541648e-09	3.011532e-09	3.573881e+01	8.220885e+02
4.740000e-06	6.472049e-09	3.009730e-09	3.535822e+01	8.214936e+02
4.750000e-06	6.401964e-09	3.006353e-09	3.497499e+01	8.204653e+02
4.760000e-06	6.331381e-09	3.002683e-09	3.458907e+01	8.194095e+02
4.770000e-06	6.260293e-09	2.999794e-09	3.420037e+01	8.185890e+02
4.780000e-06	6.188693e-09	2.997905e-09	3.380885e+01	8.180491e+02
4.790000e-06	6.116596e-09	2.996413e-09	3.341464e+01	8.176051e+02
4.800000e-06	6.044028e-09	2.994987e-09	3.301787e+01	8.171655e+02
4.810000e-06	5.971013e-09	2.993610e-09	3.261869e+01	8.167446e+02
4.820000e-06	5.897573e-09	2.991889e-09	3.221717e+01	8.162265e+02
4.830000e-06	5.823708e-09	2.989592e-09	3.181333e+01	8.155382e+02
4.840000e-06	5.749424e-09	2.986756e-09	3.140718e+01	8.147010e+02
4.850000e-06	5.674738e-09	2.983613e-09	3.099882e+01	8.137679e+02
4.860000e-06	5.599667e-09	2.980866e-09	3.058834e+01	8.129486e+02
4.870000e-06	5.524201e-09	2.978860e-09	3.017568e+01	8.123594e+02
4.880000e-06	5.448330e-09	2.977102e-09	2.976082e+01	8.118370e+02
4.890000e-06	5.372055e-09	2.975259e-09	2.934377e+01	8.112795e+02
4.900000e-06	5.295383e-09	2.972959e-09	2.892453e+01	8.105751e+02
4.910000e-06	5.218314e-09	2.970340e-09	2.850313e+01	8.097915e+02
4.920000e-06	5.140855e-09	2.967821e-09	2.807961e+01	8.090556e+02
4.930000e-06	5.063015e-09	2.965219e-09	2.765401e+01	8.082870e+02
4.940000e-06	4.984811e-09	2.962359e-09	2.722641e+01	8.074261e+02
4.950000e-06	4.906272e-09	2.959533e-09	2.679698e+01	8.065840e+02
4.960000e-06	4.827414e-09	2.956901e-09	2.636582e+01	8.058164e+02
4.970000e-06	4.748236e-09	2.954573e-09	2.593294e+01	8.051407e+02
4.980000e-06	4.668745e-09	2.952156e-09	2.549840e+01	8.044247e+02
4.990000e-06	4.588939e-09	2.949193e-09	2.506211e+01	8.035521e+02
5.000000e-06	4.508803e-09	2.945928e-09	2.462399e+01	8.025860e+02
5.010000e-06	4.428330e-09	2.942876e-09	2.418405e+01	8.016647e+02
5.020000e-06	4.347503e-09	2.940119e-09	2.374214e+01	8.008386e+02
5.030000e-06	4.266304e-09	2.937292e-09	2.329820e+01	7.999997e+02
5.040000e-06	4.184757e-09	2.933989e-09	2.285236e+01	7.990144e+02
5.050000e-06	4.102892e-09	2.930161e-09	2.240481e+01	7.978930e+02
5.060000e-06	4.020721e-09	2.926358e-09	2.195560e+01	7.967998e+02
5.070000e-06	3.938264e-09	2.922969e-09	2.150482e+01	7.958235e+02
5.080000e-06	3.855544e-09	2.919833e-09	2.105257e+01	7.949105e+02
5.090000e-06	3.772562e-09	2.916609e-09	2.059889e+01	7.939512e+02
5.100000e-06	3.689322e-09	2.913134e-09	2.014380e+01	7.929093e+02
5.110000e-06	3.605820e-09	2.909809e-09	1.968728e+01	7.919277e+02
5.120000e-06	3.522069e-09	2.906779e-09	1.922942e+01	7.910489e+02
5.130000e-06	3.438074e-09	2.903229e-09	1.877022e+01	7.900145e+02
5.140000e-06	3.353815e-09	2.898975e-09	1.830959e+01	7.887837e+02
5.150000e-06	3.269301e-09	2.894623e-09	1.784757e+01	7.875349e+02
5.160000e-06	3.184550e-09	2.890712e-09	1.738422e+01	7.863877e+02
5.170000e-06	3.099560e-09	2.887177e-09	1.691954e+01	7.853443e+02
5.180000e-06	3.014335e-09	2.884026e-09	1.645358e+01	7.844253e+02
5.190000e-06	2.928885e-09	2.880604e-09	1.598643e+01	7.834092e+02
5.200000e-06	2.843223e-09	2.875798e-09	1.551817e+01	7.819958e+02
5.210000e-06	2.757376e-09	2.870528e-09	1.504888e+01	7.804873e+02
5.220000e-06	2.671366e-09	2.865832e-09	1.457870e+01	7.791439e+02
5.230000e-06	2.585188e-09	2.861441e-09	1.410763e+01	7.778593e+02
5.240000e-06	2.498847e-09	2.856791e-09	1.363564e+01	7.764982e+02
5.250000e-06	2.412349e-09	2.851874e-09	1.316278e+01	7.750667e+02
5.260000e-06	2.325692e-09	2.847867e-09	1.268905e+01	7.739054e+02
5.270000e-06	2.238877e-09	2.844467e-09	1.221445e+01	7.729283e+02
5.280000e-06	2.151900e-09	2.840041e-09	1.173897e+01	7.716588e+02
5.290000e-06	2.064752e-09	2.834846e-09	1.126255e+01	7.701738e+02
5.300000e-06	1.977438e-09	2.829216e-09	1.078522e+01	7.685681e+02
5.310000e-06	1.889955e-09	2.822950e-09	1.030697e+01	7.667736e+02
5.320000e-06	1.802301e-09	2.816982e-09	9.827783e+00	7.650545e+02
5.330000e-06	1.714489e-09	2.811671e-09	9.347739e+00	7.635082e+02
5.340000e-06	1.626557e-09	2.806603e-09	8.867032e+00	7.620340e+02
5.350000e-06	1.538527e-09	2.801472e-09	8.385776e+00	7.605613e+02
5.360000e-06	1.450419e-09	2.796291e-09	7.904092e+00	7.590938e+02
5.370000e-06	1.362246e-09	2.791031e-09	7.422086e+00	7.576001e+02
5.380000e-06	1.274006e-09	2.785055e-09	6.939729e+00	7.558947e+02
5.390000e-06	1.185704e-09	2.778140e-09	6.457017e+00	7.539234e+02
5.400000e-06	1.097325e-09	2.770965e-09	5.973906e+00	7.518726e+02
5.410000e-06	1.008864e-09	2.764206e-09	5.490342e+00	7.499486e+02
5.420000e-06	9.203247e-10	2.758143e-09	5.006334e+00	7.482207e+02
5.430000e-06	8.317141e-10	2.752573e-09	4.521945e+00	7.466083e+02
5.440000e-06	7.430363e-10	2.746775e-09	4.037213e+00	7.449264e+02
5.450000e-06	6.542975e-10	2.740200e-09	3.552133e+00	7.430492e+02
5.460000e-06	5.655021e-10	2.732877e-09	3.066733e+00	7.409852e+02
5.470000e-06	4.766589e-10	2.725009e-09	2.581095e+00	7.387773e+02
5.480000e-06	3.877816e-10	2.716912e-09	2.095295e+00	7.364989e+02
5.490000e-06	2.988850e-10	2.708839e-09	1.609387e+00	7.341978e+02
5.500000e-06	2.099879e-10	2.700719e-09	1.123467e+00	7.318706e+02
5.510000e-06	1.210985e-10	2.692861e-09	6.376019e-01	7.296324e+02
5.520000e-06	3.222552e-11	2.685221e-09	1.518341e-01	7.274533e+02
5.530000e-06	-5.663006e-11	2.676959e-09	-3.338349e-01	7.251079e+02
5.540000e-06	-1.454720e-10	2.667699e-09	-8.194367e-01	7.224998e+02
5.550000e-06	-2.343032e-10	2.657909e-09	-1.304982e+00	7.197521e+02
5.560000e-06	-3.231261e-10	2.647708e-09	-1.790476e+00	7.168883e+02
5.570000e-06	-4.119398e-10	2.637127e-09	-2.275923e+00	7.139077e+02
5.580000e-06	-5.007382e-10	2.626670e-09	-2.761307e+00	7.109608e+02
5.590000e-06	-5.895038e-10	2.616336e-09	-3.246513e+00	7.080436e+02
5.600000e-06	-6.782292e-10	2.605579e-09	-3.731489e+00	7.049963e+02
5.610000e-06	-7.669159e-10	2.594158e-09	-4.216259e+00	7.017852e+02
5.620000e-06	-8.555444e-10	2.582421e-09	-4.700703e+00	6.985089e+02
5.630000e-06	-9.440944e-10	2.570611e-09	-5.184708e+00	6.951927e+02
5.640000e-06	-1.032559e-09	2.558328e-09	-5.668246e+00	6.917329e+02
5.650000e-06	-1.120927e-09	2.545361e-09	-6.151249e+00	6.880931e+02
5.660000e-06	-1.209190e-09	2.531891e-09	-6.633685e+00	6.843046e+02
5.670000e-06	-1.297348e-09	2.518349e-09	-7.115576e+00	6.804874e+02
5.680000e-06	-1.385414e-09	2.504864e-09	-7.596972e+00	6.766895e+02
5.690000e-06	-1.473404e-09	2.490821e-09	-8.077932e+00	6.727225e+02
5.700000e-06	-1.561312e-09	2.475847e-09	-8.558445e+00	6.684875e+02
5.710000e-06	-1.649123e-09	2.460377e-09	-9.038431e+00	6.641255e+02
5.720000e-06	-1.736820e-09	2.444572e-09	-9.517791e+00	6.596669e+02
5.730000e-06	-1.824391e-09	2.427922e-09	-9.996448e+00	6.549492e+02
5.740000e-06	-1.911831e-09	2.410087e-09	-1.047435e+01	6.498867e+02
5.750000e-06	-1.999124e-09	2.390828e-09	-1.095146e+01	6.444276e+02
5.760000e-06	-2.086258e-09	2.370380e-09	-1.142772e+01	6.386399e+02
5.770000e-06	-2.173214e-09	2.349448e-09	-1.190299e+01	6.327055e+02
5.780000e-06	-2.259988e-09	2.327906e-09	-1.237728e+01	6.265582e+02
5.790000e-06	-2.346582e-09	2.304779e-09	-1.285057e+01	6.199367e+02
5.800000e-06	-2.432985e-09	2.279605e-09	-1.332283e+01	6.127442e+02
5.810000e-06	-2.519202e-09	2.252396e-09	-1.379406e+01	6.049753e+02
5.820000e-06	-2.605241e-09	2.222778e-09	-1.426430e+01	5.964897e+02
5.830000e-06	-2.691105e-09	2.189721e-09	-1.473360e+01	5.869589e+02
5.840000e-06	-2.776799e-09	2.151893e-09	-1.520198e+01	5.759478e+02
5.850000e-06	-2.862320e-09	2.107769e-09	-1.566942e+01	5.629543e+02
5.860000e-06	-2.947656e-09	2.055240e-09	-1.613584e+01	5.472883e+02
5.870000e-06	-3.032797e-09	1.991268e-09	-1.660120e+01	5.279274e+02
5.880000e-06	-3.117727e-09	1.909910e-09	-1.706542e+01	5.029633e+02
5.890000e-06	-3.202434e-09	1.802119e-09	-1.752843e+01	4.695684e+02
5.900000e-06	-3.286906e-09	1.657981e-09	-1.799013e+01	4.246517e+02
5.910000e-06	-3.371124e-09	1.465261e-09	-1.845043e+01	3.645986e+02
5.920000e-06	-3.455069e-09	1.210990e-09	-1.890926e+01	2.862480e+02
5.930000e-06	-3.538733e-09	8.899724e-10	-1.936654e+01	1.895786e+02
5.940000e-06	-3.622124e-09	5.103106e-10	-1.982233e+01	7.864086e+01
5.950000e-06	-3.705247e-09	9.150257e-11	-2.027663e+01	-3.981750e+01
5.960000e-06	-3.788099e-09	-3.372146e-10	-2.072946e+01	-1.570273e+02
5.970000e-06	-3.870696e-09	-7.425095e-10	-2.118088e+01	-2.638112e+02
5.980000e-06	-3.953034e-09	-1.099681e-09	-2.163084e+01	-3.542238e+02
5.990000e-06	-4.035088e-09	-1.397734e-09	-2.207923e+01	-4.266846e+02
6.000000e-06	-4.116843e-09	-1.635853e-09	-2.252599e+01	-4.826576e+02
6.010000e-06	-4.198293e-09	-1.821146e-09	-2.297106e+01	-5.256192e+02
6.020000e-06	-4.279411e-09	-1.965688e-09	-2.341431e+01	-5.595422e+02
6.030000e-06	-4.360172e-09	-2.081711e-09	-2.385564e+01	-5.875146e+02
6.040000e-06	-4.440575e-09	-2.179140e-09	-2.429503e+01	-6.116676e+02
6.050000e-06	-4.520622e-09	-2.263641e-09	-2.473247e+01	-6.329990e+02
6.060000e-06	-4.600325e-09	-2.337366e-09	-2.516805e+01	-6.517099e+02
6.070000e-06	-4.679693e-09	-2.402581e-09	-2.560180e+01	-6.682561e+02
6.080000e-06	-4.758723e-09	-2.460999e-09	-2.603370e+01	-6.830489e+02
6.090000e-06	-4.837418e-09	-2.513302e-09	-2.646376e+01	-6.962389e+02
6.100000e-06	-4.915783e-09	-2.560483e-09	-2.689201e+01	-7.081283e+02
6.110000e-06	-4.993812e-09	-2.602909e-09	-2.731843e+01	-7.188349e+02
6.120000e-06	-5.071496e-09	-2.640610e-09	-2.774298e+01	-7.283323e+02
6.130000e-06	-5.148834e-09	-2.674391e-09	-2.816566e+01	-7.368309e+02
6.140000e-06	-5.225814e-09	-2.705024e-09	-2.858638e+01	-7.445423e+02
6.150000e-06	-5.302430e-09	-2.732019e-09	-2.900507e+01	-7.513145e+02
6.160000e-06	-5.378670e-09	-2.755194e-09	-2.942167e+01	-7.571140e+02
6.170000e-06	-5.454514e-09	-2.775311e-09	-2.983611e+01	-7.621436e+02
6.180000e-06	-5.529952e-09	-2.793550e-09	-3.024834e+01	-7.667128e+02
6.190000e-06	-5.604978e-09	-2.810643e-09	-3.065833e+01	-7.710277e+02
6.200000e-06	-5.679579e-09	-2.826073e-09	-3.106601e+01	-7.749340e+02
6.210000e-06	-5.753748e-09	-2.839814e-09	-3.147130e+01	-7.784166e+02
6.220000e-06	-5.827481e-09	-2.852263e-09	-3.187421e+01	-7.815669e+02
6.230000e-06	-5.900779e-09	-2.863406e-09	-3.227472e+01	-7.843703e+02
6.240000e-06	-5.973638e-09	-2.873398e-09	-3.267284e+01	-7.869000e+02
6.250000e-06	-6.046051e-09	-2.882119e-09	-3.306852e+01	-7.891373e+02
6.260000e-06	-6.117990e-09	-2.889842e-09	-3.346160e+01	-7.911340e+02
6.270000e-06	-6.189435e-09	-2.897419e-09	-3.385196e+01	-7.930966e+02
6.280000e-06	-6.260404e-09	-2.904803e-09	-3.423969e+01	-7.949942e+02
6.290000e-06	-6.330901e-09	-2.911628e-09	-3.462485e+01	-7.967143e+02
6.300000e-06	-6.400925e-09	-2.917544e-09	-3.500745e+01	-7.981875e+02
6.310000e-06	-6.470478e-09	-2.922362e-09	-3.538751e+01	-7.994102e+02
6.320000e-06	-6.539559e-09	-2.926688e-09	-3.576505e+01	-8.005341e+02
6.330000e-06	-6.608183e-09	-2.930921e-09	-3.614011e+01	-8.016402e+02
6.340000e-06	-6.676373e-09	-2.934907e-09	-3.651275e+01	-8.027094e+02
6.350000e-06	-6.744110e-09	-2.938618e-09	-3.688291e+01	-8.037409e+02
6.360000e-06	-6.811371e-09	-2.942303e-09	-3.725046e+01	-8.047662e+02
6.370000e-06	-6.878164e-09	-2.946145e-09	-3.761541e+01	-8.058104e+02
6.380000e-06	-6.944477e-09	-2.949626e-09	-3.797777e+01	-8.067217e+02
6.390000e-06	-7.010295e-09	-2.952473e-09	-3.833742e+01	-8.074527e+02
6.400000e-06	-7.075613e-09	-2.954983e-09	-3.869431e+01	-8.081138e+02
6.410000e-06	-7.140420e-09	-2.957802e-09	-3.904841e+01	-8.088948e+02
6.420000e-06	-7.204704e-09	-2.961313e-09	-3.939964e+01	-8.098846e+02
6.430000e-06	-7.268457e-09	-2.964750e-09	-3.974796e+01	-8.108347e+02
6.440000e-06	-7.331672e-09	-2.967350e-09	-4.009335e+01	-8.115545e+02
6.450000e-06	-7.394326e-09	-2.969341e-09	-4.043563e+01	-8.121322e+02
6.460000e-06	-7.456416e-09	-2.971414e-09	-4.077482e+01	-8.127310e+02
6.470000e-06	-7.517959e-09	-2.973634e-09	-4.111108e+01	-8.133398e+02
6.480000e-06	-7.578950e-09	-2.976252e-09	-4.144432e+01	-8.140439e+02
6.490000e-06	-7.639392e-09	-2.979047e-09	-4.177453e+01	-8.148004e+02
6.500000e-06	-7.699300e-09	-2.981332e-09	-4.210184e+01	-8.154362e+02
6.510000e-06	-7.758665e-09	-2.983565e-09	-4.242621e+01	-8.160820e+02
6.520000e-06	-7.817495e-09	-2.985974e-09	-4.274767e+01	-8.167807e+02
6.530000e-06	-7.875790e-09	-2.988165e-09	-4.306621e+01	-8.174046e+02
6.540000e-06	-7.933524e-09	-2.990036e-09	-4.338164e+01	-8.179380e+02
6.550000e-06	-7.990678e-09	-2.991756e-09	-4.369386e+01	-8.184480e+02
6.560000e-06	-8.047231e-09	-2.993640e-09	-4.400279e+01	-8.190092e+02
6.570000e-06	-8.103165e-09	-2.996013e-09	-4.430835e+01	-8.196971e+02
6.580000e-06	-8.158488e-09	-2.998316e-09	-4.461058e+01	-8.203388e+02
6.590000e-06	-8.213203e-09	-2.999945e-09	-4.490949e+01	-8.207792e+02
6.600000e-06	-8.267303e-09	-3.001588e-09	-4.520503e+01	-8.212540e+02
6.610000e-06	-8.320801e-09	-3.003817e-09	-4.549730e+01	-8.219102e+02
6.620000e-06	-8.373700e-09	-3.006385e-09	-4.578629e+01	-8.226417e+02
6.630000e-06	-8.426008e-09	-3.008794e-09	-4.607206e+01	-8.233202e+02
6.640000e-06	-8.477744e-09	-3.010704e-09	-4.635471e+01	-8.238800e+02
6.650000e-06	-8.528903e-09	-3.011943e-09	-4.663417e+01	-8.242588e+02
6.660000e-06	-8.579480e-09	-3.012763e-09	-4.691045e+01	-8.245127e+02
6.670000e-06	-8.629460e-09	-3.013928e-09	-4.718348e+01	-8.248677e+02
6.680000e-06	-8.678827e-09	-3.015730e-09	-4.745318e+01	-8.253853e+02
6.690000e-06	-8.727586e-09	-3.017493e-09	-4.771956e+01	-8.258688e+02
6.700000e-06	-8.775702e-09	-3.018928e-09	-4.798239e+01	-8.262748e+02
6.710000e-06	-8.823134e-09	-3.020388e-09	-4.824145e+01	-8.267118e+02
6.720000e-06	-8.869860e-09	-3.022152e-09	-4.849666e+01	-8.272446e+02
6.730000e-06	-8.915855e-09	-3.023896e-09	-4.874784e+01	-8.277562e+02
6.740000e-06	-8.961119e-09	-3.025089e-09	-4.899502e+01	-8.280985e+02
6.750000e-06	-9.005674e-09	-3.025973e-09	-4.923836e+01	-8.283700e+02
6.760000e-06	-9.049567e-09	-3.027196e-09	-4.947814e+01	-8.287470e+02
6.770000e-06	-9.092858e-09	-3.028946e-09	-4.971465e+01	-8.292455e+02
6.780000e-06	-9.135568e-09	-3.030626e-09	-4.994797e+01	-8.296920e+02
6.790000e-06	-9.177660e-09	-3.031890e-09	-5.017788e+01	-8.300319e+02
6.800000e-06	-9.219084e-09	-3.032984e-09	-5.040412e+01	-8.303544e+02
6.810000e-06	-9.259825e-09	-3.034190e-09	-5.062660e+01	-8.307192e+02
6.820000e-06	-9.299893e-09	-3.035654e-09	-5.084544e+01	-8.311621e+02
6.830000e-06	-9.339328e-09	-3.037218e-09	-5.106084e+01	-8.316266e+02
6.840000e-06	-9.378137e-09	-3.038228e-09	-5.127281e+01	-8.319189e+02
6.850000e-06	-9.416288e-09	-3.038701e-09	-5.148118e+01	-8.320699e+02
6.860000e-06	-9.453756e-09	-3.039762e-09	-5.168581e+01	-8.323938e+02
6.870000e-06	-9.490540e-09	-3.041348e-09	-5.188672e+01	-8.328361e+02
6.880000e-06	-9.526666e-09	-3.042366e-09	-5.208400e+01	-8.331150e+02
6.890000e-06	-9.562118e-09	-3.042989e-09	-5.227757e+01	-8.333077e+02
6.900000e-06	-9.596853e-09	-3.043992e-09	-5.246723e+01	-8.336170e+02
6.910000e-06	-9.630877e-09	-3.045409e-09	-5.265304e+01	-8.340421e+02
6.920000e-06	-9.664251e-09	-3.046917e-09	-5.283529e+01	-8.344829e+02
6.930000e-06	-9.697003e-09	-3.048451e-09	-5.301416e+01	-8.349122e+02
6.940000e-06	-9.729091e-09	-3.049683e-09	-5.318939e+01	-8.352470e+02
6.950000e-06	-9.760441e-09	-3.050285e-09	-5.336055e+01	-8.354099e+02
6.960000e-06	-9.791023e-09	-3.050981e-09	-5.352750e+01	-8.356084e+02
6.970000e-06	-9.820872e-09	-3.052333e-09	-5.369048e+01	-8.359988e+02
6.980000e-06	-9.850031e-09	-3.053553e-09	-5.384968e+01	-8.363476e+02
6.990000e-06	-9.878476e-09	-3.054388e-09	-5.400496e+01	-8.365994e+02
7.000000e-06	-9.906173e-09	-3.055420e-09	-5.415616e+01	-8.369312e+02
7.010000e-06	-9.933150e-09	-3.056715e-09	-5.430345e+01	-8.373286e+02
7.020000e-06	-9.959452e-09	-3.058014e-09	-5.444707e+01	-8.376977e+02
7.030000e-06	-9.985081e-09	-3.059005e-09	-5.458698e+01	-8.379654e+02
7.040000e-06	-1.000997e-08	-3.059702e-09	-5.472284e+01	-8.381481e+02
7.050000e-06	-1.003411e-08	-3.060223e-09	-5.485459e+01	-8.383008e+02
7.060000e-06	-1.005756e-08	-3.061011e-09	-5.498257e+01	-8.385438e+02
7.070000e-06	-1.008035e-08	-3.062171e-09	-5.510702e+01	-8.388843e+02
7.080000e-06	-1.010242e-08	-3.063330e-09	-5.522750e+01	-8.392312e+02
7.090000e-06	-1.012369e-08	-3.064505e-09	-5.534348e+01	-8.395801e+02
7.100000e-06	-1.014413e-08	-3.065503e-09	-5.545499e+01	-8.398575e+02
7.110000e-06	-1.016374e-08	-3.066173e-09	-5.556193e+01	-8.400412e+02
7.120000e-06	-1.018254e-08	-3.066472e-09	-5.566448e+01	-8.401222e+02
7.130000e-06	-1.020065e-08	-3.066529e-09	-5.576330e+01	-8.401395e+02
7.140000e-06	-1.021812e-08	-3.066827e-09	-5.585864e+01	-8.402341e+02
7.150000e-06	-1.023494e-08	-3.067543e-09	-5.595040e+01	-8.404446e+02
7.160000e-06	-1.025109e-08	-3.068698e-09	-5.603852e+01	-8.407716e+02
7.170000e-06	-1.026651e-08	-3.070205e-09	-5.612257e+01	-8.411840e+02
7.180000e-06	-1.028115e-08	-3.071186e-09	-5.620241e+01	-8.414487e+02
7.190000e-06	-1.029508e-08	-3.071318e-09	-5.627834e+01	-8.414852e+02
7.200000e-06	-1.030831e-08	-3.071346e-09	-5.635052e+01	-8.415087e+02
7.210000e-06	-1.032083e-08	-3.071582e-09	-5.641873e+01	-8.416066e+02
7.220000e-06	-1.033257e-08	-3.071787e-09	-5.648272e+01	-8.416708e+02
7.230000e-06	-1.034358e-08	-3.072234e-09	-5.654270e+01	-8.417827e+02
7.240000e-06	-1.035388e-08	-3.073260e-09	-5.659882e+01	-8.420667e+02
7.250000e-06	-1.036347e-08	-3.074451e-09	-5.665104e+01	-8.423836e+02
7.260000e-06	-1.037229e-08	-3.075182e-09	-5.669905e+01	-8.425589e+02
7.270000e-06	-1.038034e-08	-3.075255e-09	-5.674287e+01	-8.425576e+02
7.280000e-06	-1.038769e-08	-3.075343e-09	-5.678285e+01	-8.425852e+02
7.290000e-06	-1.039433e-08	-3.075783e-09	-5.681895e+01	-8.427267e+02
7.300000e-06	-1.040016e-08	-3.076098e-09	-5.685062e+01	-8.428241e+02
7.310000e-06	-1.040514e-08	-3.076324e-09	-5.687759e+01	-8.428887e+02
7.320000e-06	-1.040934e-08	-3.076459e-09	-5.690035e+01	-8.429264e+02
7.330000e-06	-1.041285e-08	-3.076616e-09	-5.691933e+01	-8.429688e+02
7.340000e-06	-1.041564e-08	-3.077056e-09	-5.693436e+01	-8.430824e+02
7.350000e-06	-1.041766e-08	-3.077349e-09	-5.694518e+01	-8.431487e+02
7.360000e-06	-1.041897e-08	-3.077483e-09	-5.695220e+01	-8.431736e+02
7.370000e-06	-1.041959e-08	-3.077521e-09	-5.695546e+01	-8.431706e+02
