# Temperatura_=_24.827777777777776
# Concentracion g/m^3_=_11700.0
# C_Vs_to_Am_M_A/Vsm_=_254322799225.57578
# pendiente_HvsI_1/m_=_3716.3
# ordenada_HvsI_A/m_=_1297.0
# frecuencia_Hz_=_135599.77340106037
# Promedio de 18 ciclos

Tiempo_(s)	Campo_(V.s)	Magnetizacion_(V.s)	Campo_(kA/m)	Magnetizacion_(A/m)
0.000000e+00	-1.039161e-08	-2.926870e-09	-5.695723e+01	-7.796123e+02
1.000000e-08	-1.039137e-08	-2.927046e-09	-5.695642e+01	-7.796758e+02
2.000000e-08	-1.039037e-08	-2.927290e-09	-5.695142e+01	-7.797556e+02
3.000000e-08	-1.038865e-08	-2.927147e-09	-5.694236e+01	-7.797415e+02
4.000000e-08	-1.038626e-08	-2.926812e-09	-5.692956e+01	-7.796431e+02
5.000000e-08	-1.038320e-08	-2.927032e-09	-5.691320e+01	-7.797280e+02
6.000000e-08	-1.037942e-08	-2.927525e-09	-5.689298e+01	-7.798545e+02
7.000000e-08	-1.037485e-08	-2.928353e-09	-5.686844e+01	-7.799950e+02
8.000000e-08	-1.036950e-08	-2.930028e-09	-5.683964e+01	-7.804143e+02
9.000000e-08	-1.036328e-08	-2.930483e-09	-5.680614e+01	-7.806743e+02
1.000000e-07	-1.035599e-08	-2.926438e-09	-5.676687e+01	-7.795005e+02
1.100000e-07	-1.034754e-08	-2.921610e-09	-5.672121e+01	-7.778794e+02
1.200000e-07	-1.033798e-08	-2.924791e-09	-5.666951e+01	-7.788549e+02
1.300000e-07	-1.032780e-08	-2.933525e-09	-5.661403e+01	-7.818538e+02
1.400000e-07	-1.031748e-08	-2.934367e-09	-5.655762e+01	-7.824102e+02
1.500000e-07	-1.030671e-08	-2.921384e-09	-5.649921e+01	-7.778519e+02
1.600000e-07	-1.029494e-08	-2.914982e-09	-5.643540e+01	-7.755907e+02
1.700000e-07	-1.028243e-08	-2.922245e-09	-5.636695e+01	-7.801415e+02
1.800000e-07	-1.026958e-08	-2.911643e-09	-5.629660e+01	-7.784755e+02
1.900000e-07	-1.025602e-08	-2.896011e-09	-5.622286e+01	-7.711319e+02
2.000000e-07	-1.024149e-08	-2.914438e-09	-5.614369e+01	-7.751526e+02
2.100000e-07	-1.022635e-08	-2.940423e-09	-5.606094e+01	-7.841579e+02
2.200000e-07	-1.021070e-08	-2.935100e-09	-5.597558e+01	-7.818535e+02
2.300000e-07	-1.019412e-08	-2.919546e-09	-5.588531e+01	-7.765389e+02
2.400000e-07	-1.017667e-08	-2.917962e-09	-5.578993e+01	-7.790849e+02
2.500000e-07	-1.015862e-08	-2.902343e-09	-5.569129e+01	-7.764470e+02
2.600000e-07	-1.013973e-08	-2.881406e-09	-5.558839e+01	-7.679039e+02
2.700000e-07	-1.011982e-08	-2.895361e-09	-5.547987e+01	-7.713066e+02
2.800000e-07	-1.009909e-08	-2.916116e-09	-5.536674e+01	-7.782683e+02
2.900000e-07	-1.007760e-08	-2.915711e-09	-5.524948e+01	-7.756789e+02
3.000000e-07	-1.005528e-08	-2.927185e-09	-5.512758e+01	-7.773279e+02
3.100000e-07	-1.003233e-08	-2.947789e-09	-5.500211e+01	-7.852194e+02
3.200000e-07	-1.000871e-08	-2.937581e-09	-5.487318e+01	-7.825879e+02
3.300000e-07	-9.984268e-09	-2.919215e-09	-5.473970e+01	-7.764220e+02
3.400000e-07	-9.959172e-09	-2.919828e-09	-5.460234e+01	-7.791133e+02
3.500000e-07	-9.933520e-09	-2.908440e-09	-5.446199e+01	-7.776037e+02
3.600000e-07	-9.907086e-09	-2.889690e-09	-5.431753e+01	-7.701477e+02
3.700000e-07	-9.879848e-09	-2.901586e-09	-5.416856e+01	-7.731668e+02
3.800000e-07	-9.851950e-09	-2.912859e-09	-5.401599e+01	-7.776749e+02
3.900000e-07	-9.823345e-09	-2.902542e-09	-5.385965e+01	-7.726685e+02
4.000000e-07	-9.793942e-09	-2.912417e-09	-5.369898e+01	-7.740586e+02
4.100000e-07	-9.763732e-09	-2.928192e-09	-5.353398e+01	-7.799843e+02
4.200000e-07	-9.732663e-09	-2.918486e-09	-5.336434e+01	-7.761602e+02
4.300000e-07	-9.700752e-09	-2.920937e-09	-5.318994e+01	-7.754287e+02
4.400000e-07	-9.668127e-09	-2.934182e-09	-5.301147e+01	-7.807365e+02
4.500000e-07	-9.634873e-09	-2.924128e-09	-5.282947e+01	-7.778088e+02
4.600000e-07	-9.601037e-09	-2.918529e-09	-5.264427e+01	-7.747996e+02
4.700000e-07	-9.566606e-09	-2.928130e-09	-5.245583e+01	-7.783030e+02
4.800000e-07	-9.531534e-09	-2.923375e-09	-5.226394e+01	-7.774310e+02
4.900000e-07	-9.495805e-09	-2.916653e-09	-5.206851e+01	-7.747304e+02
5.000000e-07	-9.459411e-09	-2.922123e-09	-5.186946e+01	-7.764410e+02
5.100000e-07	-9.422328e-09	-2.920270e-09	-5.166658e+01	-7.763750e+02
5.200000e-07	-9.384567e-09	-2.915128e-09	-5.145997e+01	-7.746271e+02
5.300000e-07	-9.346122e-09	-2.919055e-09	-5.124964e+01	-7.755733e+02
5.400000e-07	-9.306944e-09	-2.919224e-09	-5.103533e+01	-7.757154e+02
5.500000e-07	-9.267022e-09	-2.914040e-09	-5.081685e+01	-7.742132e+02
5.600000e-07	-9.226402e-09	-2.914647e-09	-5.059455e+01	-7.743220e+02
5.700000e-07	-9.185104e-09	-2.915287e-09	-5.036860e+01	-7.745293e+02
5.800000e-07	-9.143126e-09	-2.911647e-09	-5.013888e+01	-7.735795e+02
5.900000e-07	-9.100505e-09	-2.910380e-09	-4.990566e+01	-7.732169e+02
6.000000e-07	-9.057276e-09	-2.910584e-09	-4.966907e+01	-7.732257e+02
6.100000e-07	-9.013434e-09	-2.908701e-09	-4.942909e+01	-7.726468e+02
6.200000e-07	-8.968966e-09	-2.908020e-09	-4.918577e+01	-7.723147e+02
6.300000e-07	-8.923838e-09	-2.908737e-09	-4.893888e+01	-7.723994e+02
6.400000e-07	-8.878002e-09	-2.907869e-09	-4.868816e+01	-7.722666e+02
6.500000e-07	-8.831455e-09	-2.906210e-09	-4.843350e+01	-7.718503e+02
6.600000e-07	-8.784229e-09	-2.905104e-09	-4.817500e+01	-7.715163e+02
6.700000e-07	-8.736337e-09	-2.903437e-09	-4.791285e+01	-7.710819e+02
6.800000e-07	-8.687784e-09	-2.901448e-09	-4.764709e+01	-7.704658e+02
6.900000e-07	-8.638570e-09	-2.900285e-09	-4.737772e+01	-7.699987e+02
7.000000e-07	-8.588698e-09	-2.899722e-09	-4.710469e+01	-7.698162e+02
7.100000e-07	-8.538201e-09	-2.899116e-09	-4.682818e+01	-7.695610e+02
7.200000e-07	-8.487101e-09	-2.898674e-09	-4.654834e+01	-7.693302e+02
7.300000e-07	-8.435401e-09	-2.898367e-09	-4.626525e+01	-7.693215e+02
7.400000e-07	-8.383123e-09	-2.897486e-09	-4.597904e+01	-7.691555e+02
7.500000e-07	-8.330276e-09	-2.895582e-09	-4.568977e+01	-7.685327e+02
7.600000e-07	-8.276874e-09	-2.893176e-09	-4.539738e+01	-7.678178e+02
7.700000e-07	-8.222895e-09	-2.891191e-09	-4.510183e+01	-7.672697e+02
7.800000e-07	-8.168289e-09	-2.889489e-09	-4.480291e+01	-7.667449e+02
7.900000e-07	-8.113030e-09	-2.887763e-09	-4.450045e+01	-7.662445e+02
8.000000e-07	-8.057103e-09	-2.886389e-09	-4.419437e+01	-7.658904e+02
8.100000e-07	-8.000497e-09	-2.885607e-09	-4.388464e+01	-7.656058e+02
8.200000e-07	-7.943224e-09	-2.884992e-09	-4.357121e+01	-7.653326e+02
8.300000e-07	-7.885334e-09	-2.884010e-09	-4.325425e+01	-7.650394e+02
8.400000e-07	-7.826852e-09	-2.882270e-09	-4.293400e+01	-7.645171e+02
8.500000e-07	-7.767810e-09	-2.879906e-09	-4.261060e+01	-7.637980e+02
8.600000e-07	-7.708258e-09	-2.877451e-09	-4.228432e+01	-7.631063e+02
8.700000e-07	-7.648197e-09	-2.875347e-09	-4.195534e+01	-7.625342e+02
8.800000e-07	-7.587612e-09	-2.873430e-09	-4.162363e+01	-7.619796e+02
8.900000e-07	-7.526520e-09	-2.871745e-09	-4.128920e+01	-7.614960e+02
9.000000e-07	-7.464934e-09	-2.870495e-09	-4.095203e+01	-7.610954e+02
9.100000e-07	-7.402832e-09	-2.869628e-09	-4.061198e+01	-7.607830e+02
9.200000e-07	-7.340184e-09	-2.868468e-09	-4.026882e+01	-7.603982e+02
9.300000e-07	-7.276956e-09	-2.866360e-09	-3.992249e+01	-7.597942e+02
9.400000e-07	-7.213152e-09	-2.863423e-09	-3.957309e+01	-7.589979e+02
9.500000e-07	-7.148805e-09	-2.860363e-09	-3.922073e+01	-7.581561e+02
9.600000e-07	-7.083948e-09	-2.857623e-09	-3.886559e+01	-7.573670e+02
9.700000e-07	-7.018599e-09	-2.855459e-09	-3.850776e+01	-7.567339e+02
9.800000e-07	-6.952752e-09	-2.853512e-09	-3.814714e+01	-7.561596e+02
9.900000e-07	-6.886384e-09	-2.851279e-09	-3.778361e+01	-7.555082e+02
1.000000e-06	-6.819512e-09	-2.849207e-09	-3.741731e+01	-7.548821e+02
1.010000e-06	-6.752169e-09	-2.847393e-09	-3.704847e+01	-7.543380e+02
1.020000e-06	-6.684354e-09	-2.845087e-09	-3.667704e+01	-7.536693e+02
1.030000e-06	-6.616096e-09	-2.842345e-09	-3.630312e+01	-7.528630e+02
1.040000e-06	-6.547423e-09	-2.839781e-09	-3.592692e+01	-7.520940e+02
1.050000e-06	-6.478313e-09	-2.837448e-09	-3.554831e+01	-7.513945e+02
1.060000e-06	-6.408728e-09	-2.835530e-09	-3.516713e+01	-7.507780e+02
1.070000e-06	-6.338626e-09	-2.833700e-09	-3.478318e+01	-7.502150e+02
1.080000e-06	-6.267976e-09	-2.831162e-09	-3.439631e+01	-7.495210e+02
1.090000e-06	-6.196801e-09	-2.828033e-09	-3.400658e+01	-7.486738e+02
1.100000e-06	-6.125173e-09	-2.824944e-09	-3.361433e+01	-7.478278e+02
1.110000e-06	-6.053103e-09	-2.822359e-09	-3.321969e+01	-7.470708e+02
1.120000e-06	-5.980564e-09	-2.820223e-09	-3.282247e+01	-7.464034e+02
1.130000e-06	-5.907554e-09	-2.817862e-09	-3.242262e+01	-7.456875e+02
1.140000e-06	-5.834100e-09	-2.815183e-09	-3.202028e+01	-7.449088e+02
1.150000e-06	-5.760243e-09	-2.812196e-09	-3.161570e+01	-7.440378e+02
1.160000e-06	-5.686005e-09	-2.808851e-09	-3.120901e+01	-7.430858e+02
1.170000e-06	-5.611395e-09	-2.805612e-09	-3.080028e+01	-7.422258e+02
1.180000e-06	-5.536418e-09	-2.802880e-09	-3.038953e+01	-7.415126e+02
1.190000e-06	-5.461054e-09	-2.800537e-09	-2.997665e+01	-7.408410e+02
1.200000e-06	-5.385290e-09	-2.798421e-09	-2.956164e+01	-7.401868e+02
1.210000e-06	-5.309127e-09	-2.796301e-09	-2.914446e+01	-7.394909e+02
1.220000e-06	-5.232535e-09	-2.793657e-09	-2.872489e+01	-7.386490e+02
1.230000e-06	-5.155513e-09	-2.790357e-09	-2.830293e+01	-7.376731e+02
1.240000e-06	-5.078114e-09	-2.786758e-09	-2.787891e+01	-7.366818e+02
1.250000e-06	-5.000380e-09	-2.782989e-09	-2.745303e+01	-7.356661e+02
1.260000e-06	-4.922315e-09	-2.779550e-09	-2.702532e+01	-7.347195e+02
1.270000e-06	-4.843913e-09	-2.776767e-09	-2.659577e+01	-7.339126e+02
1.280000e-06	-4.765169e-09	-2.774229e-09	-2.616431e+01	-7.331521e+02
1.290000e-06	-4.686080e-09	-2.771605e-09	-2.573094e+01	-7.323400e+02
1.300000e-06	-4.606656e-09	-2.768730e-09	-2.529578e+01	-7.314151e+02
1.310000e-06	-4.526897e-09	-2.765502e-09	-2.485888e+01	-7.304341e+02
1.320000e-06	-4.446807e-09	-2.761964e-09	-2.442020e+01	-7.294649e+02
1.330000e-06	-4.366402e-09	-2.758364e-09	-2.397980e+01	-7.285028e+02
1.340000e-06	-4.285658e-09	-2.754823e-09	-2.353759e+01	-7.275229e+02
1.350000e-06	-4.204547e-09	-2.751520e-09	-2.309333e+01	-7.265605e+02
1.360000e-06	-4.123077e-09	-2.748477e-09	-2.264707e+01	-7.256423e+02
1.370000e-06	-4.041251e-09	-2.745404e-09	-2.219893e+01	-7.247249e+02
1.380000e-06	-3.959080e-09	-2.742059e-09	-2.174891e+01	-7.237602e+02
1.390000e-06	-3.876605e-09	-2.738456e-09	-2.129712e+01	-7.227401e+02
1.400000e-06	-3.793846e-09	-2.734557e-09	-2.084374e+01	-7.216537e+02
1.410000e-06	-3.710814e-09	-2.730307e-09	-2.038887e+01	-7.204735e+02
1.420000e-06	-3.627534e-09	-2.725960e-09	-1.993260e+01	-7.192466e+02
1.430000e-06	-3.544033e-09	-2.722067e-09	-1.947501e+01	-7.181312e+02
1.440000e-06	-3.460307e-09	-2.718555e-09	-1.901616e+01	-7.170907e+02
1.450000e-06	-3.376344e-09	-2.714784e-09	-1.855603e+01	-7.159774e+02
1.460000e-06	-3.292147e-09	-2.710812e-09	-1.809460e+01	-7.148445e+02
1.470000e-06	-3.207722e-09	-2.706893e-09	-1.763187e+01	-7.137593e+02
1.480000e-06	-3.123049e-09	-2.702765e-09	-1.716779e+01	-7.126108e+02
1.490000e-06	-3.038141e-09	-2.698245e-09	-1.670240e+01	-7.113464e+02
1.500000e-06	-2.953009e-09	-2.693729e-09	-1.623582e+01	-7.100566e+02
1.510000e-06	-2.867653e-09	-2.689594e-09	-1.576803e+01	-7.088521e+02
1.520000e-06	-2.782093e-09	-2.685504e-09	-1.529908e+01	-7.077001e+02
1.530000e-06	-2.696346e-09	-2.681004e-09	-1.482910e+01	-7.064686e+02
1.540000e-06	-2.610425e-09	-2.676081e-09	-1.435818e+01	-7.051171e+02
1.550000e-06	-2.524341e-09	-2.671105e-09	-1.388639e+01	-7.037504e+02
1.560000e-06	-2.438109e-09	-2.666490e-09	-1.341382e+01	-7.024505e+02
1.570000e-06	-2.351732e-09	-2.662089e-09	-1.294045e+01	-7.011917e+02
1.580000e-06	-2.265211e-09	-2.657619e-09	-1.246630e+01	-6.999323e+02
1.590000e-06	-2.178556e-09	-2.653015e-09	-1.199143e+01	-6.986231e+02
1.600000e-06	-2.091759e-09	-2.648148e-09	-1.151579e+01	-6.972450e+02
1.610000e-06	-2.004800e-09	-2.642964e-09	-1.103927e+01	-6.958042e+02
1.620000e-06	-1.917683e-09	-2.637539e-09	-1.056188e+01	-6.942817e+02
1.630000e-06	-1.830417e-09	-2.631900e-09	-1.008364e+01	-6.926905e+02
1.640000e-06	-1.743002e-09	-2.626279e-09	-9.604596e+00	-6.911085e+02
1.650000e-06	-1.655445e-09	-2.620991e-09	-9.124734e+00	-6.895983e+02
1.660000e-06	-1.567765e-09	-2.615773e-09	-8.644227e+00	-6.881165e+02
1.670000e-06	-1.479991e-09	-2.610050e-09	-8.163183e+00	-6.865260e+02
1.680000e-06	-1.392132e-09	-2.603778e-09	-7.681641e+00	-6.847875e+02
1.690000e-06	-1.304202e-09	-2.597471e-09	-7.199764e+00	-6.830236e+02
1.700000e-06	-1.216211e-09	-2.591375e-09	-6.717573e+00	-6.812901e+02
1.710000e-06	-1.128168e-09	-2.585185e-09	-6.235060e+00	-6.795264e+02
1.720000e-06	-1.040065e-09	-2.578996e-09	-5.752199e+00	-6.777920e+02
1.730000e-06	-9.518811e-10	-2.572994e-09	-5.268911e+00	-6.761081e+02
1.740000e-06	-8.636258e-10	-2.566695e-09	-4.785217e+00	-6.743635e+02
1.750000e-06	-7.753096e-10	-2.559823e-09	-4.301139e+00	-6.724867e+02
1.760000e-06	-6.869276e-10	-2.552586e-09	-3.816685e+00	-6.704603e+02
1.770000e-06	-5.984854e-10	-2.545274e-09	-3.331885e+00	-6.683754e+02
1.780000e-06	-5.099831e-10	-2.538312e-09	-2.846730e+00	-6.663802e+02
1.790000e-06	-4.214234e-10	-2.531825e-09	-2.361220e+00	-6.645031e+02
1.800000e-06	-3.328184e-10	-2.525399e-09	-1.875451e+00	-6.626930e+02
1.810000e-06	-2.442011e-10	-2.518508e-09	-1.389648e+00	-6.607828e+02
1.820000e-06	-1.555954e-10	-2.510982e-09	-9.039087e-01	-6.586764e+02
1.830000e-06	-6.701116e-11	-2.503089e-09	-4.182445e-01	-6.564756e+02
1.840000e-06	2.154293e-11	-2.495233e-09	6.727007e-02	-6.542626e+02
1.850000e-06	1.100761e-10	-2.487505e-09	5.526211e-01	-6.520811e+02
1.860000e-06	1.985877e-10	-2.479512e-09	1.037844e+00	-6.498429e+02
1.870000e-06	2.870804e-10	-2.471243e-09	1.522959e+00	-6.475037e+02
1.880000e-06	3.755663e-10	-2.462978e-09	2.008033e+00	-6.451932e+02
1.890000e-06	4.640557e-10	-2.454411e-09	2.493060e+00	-6.428380e+02
1.900000e-06	5.525351e-10	-2.445306e-09	2.977984e+00	-6.402791e+02
1.910000e-06	6.409852e-10	-2.435964e-09	3.462789e+00	-6.376008e+02
1.920000e-06	7.293932e-10	-2.426419e-09	3.947387e+00	-6.348522e+02
1.930000e-06	8.177525e-10	-2.416451e-09	4.431762e+00	-6.320182e+02
1.940000e-06	9.060531e-10	-2.406205e-09	4.915820e+00	-6.291159e+02
1.950000e-06	9.942699e-10	-2.395771e-09	5.399448e+00	-6.261249e+02
1.960000e-06	1.082407e-09	-2.384941e-09	5.882634e+00	-6.230463e+02
1.970000e-06	1.170449e-09	-2.373719e-09	6.365261e+00	-6.198855e+02
1.980000e-06	1.258378e-09	-2.361994e-09	6.847267e+00	-6.165845e+02
1.990000e-06	1.346203e-09	-2.349968e-09	7.328717e+00	-6.131878e+02
2.000000e-06	1.433930e-09	-2.337771e-09	7.809670e+00	-6.097176e+02
2.010000e-06	1.521564e-09	-2.324833e-09	8.290133e+00	-6.059940e+02
2.020000e-06	1.609102e-09	-2.310824e-09	8.770093e+00	-6.019301e+02
2.030000e-06	1.696552e-09	-2.295984e-09	9.249588e+00	-5.976403e+02
2.040000e-06	1.783911e-09	-2.280424e-09	9.728566e+00	-5.931938e+02
2.050000e-06	1.871160e-09	-2.264183e-09	1.020691e+01	-5.885876e+02
2.060000e-06	1.958287e-09	-2.247548e-09	1.068455e+01	-5.838328e+02
2.070000e-06	2.045275e-09	-2.230314e-09	1.116142e+01	-5.788946e+02
2.080000e-06	2.132108e-09	-2.212026e-09	1.163744e+01	-5.737043e+02
2.090000e-06	2.218775e-09	-2.192894e-09	1.211262e+01	-5.681998e+02
2.100000e-06	2.305278e-09	-2.173018e-09	1.258693e+01	-5.623633e+02
2.110000e-06	2.391612e-09	-2.151643e-09	1.306030e+01	-5.560803e+02
2.120000e-06	2.477772e-09	-2.128792e-09	1.353271e+01	-5.492908e+02
2.130000e-06	2.563744e-09	-2.105120e-09	1.400407e+01	-5.421480e+02
2.140000e-06	2.649521e-09	-2.079881e-09	1.447437e+01	-5.345151e+02
2.150000e-06	2.735119e-09	-2.051768e-09	1.494370e+01	-5.259350e+02
2.160000e-06	2.820537e-09	-2.020003e-09	1.541207e+01	-5.160894e+02
2.170000e-06	2.905772e-09	-1.983423e-09	1.587947e+01	-5.045758e+02
2.180000e-06	2.990828e-09	-1.940612e-09	1.634589e+01	-4.907351e+02
2.190000e-06	3.075697e-09	-1.889678e-09	1.681123e+01	-4.736951e+02
2.200000e-06	3.160345e-09	-1.827405e-09	1.727539e+01	-4.522099e+02
2.210000e-06	3.244747e-09	-1.749558e-09	1.773827e+01	-4.246081e+02
2.220000e-06	3.328907e-09	-1.650519e-09	1.819974e+01	-3.887205e+02
2.230000e-06	3.412814e-09	-1.521784e-09	1.865979e+01	-3.418532e+02
2.240000e-06	3.496461e-09	-1.352490e-09	1.911850e+01	-2.813068e+02
2.250000e-06	3.579853e-09	-1.132229e-09	1.957581e+01	-2.057609e+02
2.260000e-06	3.662994e-09	-8.550220e-10	2.003168e+01	-1.167698e+02
2.270000e-06	3.745863e-09	-5.243045e-10	2.048602e+01	-1.933305e+01
2.280000e-06	3.828440e-09	-1.572460e-10	2.093874e+01	7.902291e+01
2.290000e-06	3.910722e-09	2.183494e-10	2.138984e+01	1.707549e+02
2.300000e-06	3.992717e-09	5.743965e-10	2.183934e+01	2.509029e+02
2.310000e-06	4.074435e-09	8.903314e-10	2.228725e+01	3.178609e+02
2.320000e-06	4.155855e-09	1.156276e-09	2.273356e+01	3.725522e+02
2.330000e-06	4.236964e-09	1.372772e-09	2.317820e+01	4.171314e+02
2.340000e-06	4.317757e-09	1.547443e-09	2.362106e+01	4.539859e+02
2.350000e-06	4.398207e-09	1.690333e-09	2.406214e+01	4.852252e+02
2.360000e-06	4.478314e-09	1.810217e-09	2.450136e+01	5.123193e+02
2.370000e-06	4.558083e-09	1.912956e-09	2.493874e+01	5.360708e+02
2.380000e-06	4.637500e-09	2.002395e-09	2.537422e+01	5.569792e+02
2.390000e-06	4.716551e-09	2.081602e-09	2.580764e+01	5.755181e+02
2.400000e-06	4.795227e-09	2.152840e-09	2.623898e+01	5.921540e+02
2.410000e-06	4.873538e-09	2.217057e-09	2.666839e+01	6.071153e+02
2.420000e-06	4.951511e-09	2.274865e-09	2.709605e+01	6.205141e+02
2.430000e-06	5.029150e-09	2.327468e-09	2.752184e+01	6.326827e+02
2.440000e-06	5.106456e-09	2.375068e-09	2.794577e+01	6.437476e+02
2.450000e-06	5.183430e-09	2.417634e-09	2.836786e+01	6.536802e+02
2.460000e-06	5.260061e-09	2.455733e-09	2.878807e+01	6.625578e+02
2.470000e-06	5.336333e-09	2.489787e-09	2.920636e+01	6.704351e+02
2.480000e-06	5.412212e-09	2.520626e-09	2.962251e+01	6.775085e+02
2.490000e-06	5.487677e-09	2.548947e-09	3.003640e+01	6.839865e+02
2.500000e-06	5.562727e-09	2.574959e-09	3.044802e+01	6.899454e+02
2.510000e-06	5.637370e-09	2.598815e-09	3.085739e+01	6.954308e+02
2.520000e-06	5.711606e-09	2.620432e-09	3.126450e+01	7.004250e+02
2.530000e-06	5.785420e-09	2.639585e-09	3.166928e+01	7.048190e+02
2.540000e-06	5.858801e-09	2.656027e-09	3.207169e+01	7.085333e+02
2.550000e-06	5.931730e-09	2.670110e-09	3.247166e+01	7.116976e+02
2.560000e-06	6.004205e-09	2.682879e-09	3.286910e+01	7.145703e+02
2.570000e-06	6.076233e-09	2.695098e-09	3.326405e+01	7.173029e+02
2.580000e-06	6.147818e-09	2.706876e-09	3.365662e+01	7.199670e+02
2.590000e-06	6.218979e-09	2.718067e-09	3.404681e+01	7.225725e+02
2.600000e-06	6.289699e-09	2.728641e-09	3.443455e+01	7.250497e+02
2.610000e-06	6.359945e-09	2.737913e-09	3.481979e+01	7.272596e+02
2.620000e-06	6.429715e-09	2.745541e-09	3.520251e+01	7.291187e+02
2.630000e-06	6.499003e-09	2.752262e-09	3.558262e+01	7.307553e+02
2.640000e-06	6.567808e-09	2.758597e-09	3.596005e+01	7.323425e+02
2.650000e-06	6.636131e-09	2.764947e-09	3.633484e+01	7.339469e+02
2.660000e-06	6.703971e-09	2.771839e-09	3.670693e+01	7.356095e+02
2.670000e-06	6.771329e-09	2.779053e-09	3.707634e+01	7.373194e+02
2.680000e-06	6.838197e-09	2.785764e-09	3.744312e+01	7.389579e+02
2.690000e-06	6.904570e-09	2.791469e-09	3.780723e+01	7.403839e+02
2.700000e-06	6.970449e-09	2.795924e-09	3.816857e+01	7.415381e+02
2.710000e-06	7.035842e-09	2.799515e-09	3.852726e+01	7.424917e+02
2.720000e-06	7.100756e-09	2.803353e-09	3.888339e+01	7.434592e+02
2.730000e-06	7.165183e-09	2.808109e-09	3.923685e+01	7.446326e+02
2.740000e-06	7.229115e-09	2.813293e-09	3.958757e+01	7.459381e+02
2.750000e-06	7.292535e-09	2.818074e-09	3.993549e+01	7.471537e+02
2.760000e-06	7.355422e-09	2.822238e-09	4.028050e+01	7.481982e+02
2.770000e-06	7.417754e-09	2.826070e-09	4.062246e+01	7.491363e+02
2.780000e-06	7.479528e-09	2.829610e-09	4.096134e+01	7.500300e+02
2.790000e-06	7.540740e-09	2.832912e-09	4.129708e+01	7.509610e+02
2.800000e-06	7.601384e-09	2.836188e-09	4.162973e+01	7.519063e+02
2.810000e-06	7.661476e-09	2.839334e-09	4.195941e+01	7.527486e+02
2.820000e-06	7.721019e-09	2.842736e-09	4.228615e+01	7.535787e+02
2.830000e-06	7.780031e-09	2.846664e-09	4.260995e+01	7.545537e+02
2.840000e-06	7.838522e-09	2.850272e-09	4.293081e+01	7.555091e+02
2.850000e-06	7.896470e-09	2.853192e-09	4.324866e+01	7.562683e+02
2.860000e-06	7.953845e-09	2.855723e-09	4.356342e+01	7.569334e+02
2.870000e-06	8.010625e-09	2.858006e-09	4.387498e+01	7.575613e+02
2.880000e-06	8.066805e-09	2.860566e-09	4.418324e+01	7.582586e+02
2.890000e-06	8.122378e-09	2.863700e-09	4.448813e+01	7.591458e+02
2.900000e-06	8.177339e-09	2.866937e-09	4.478969e+01	7.600672e+02
2.910000e-06	8.231677e-09	2.869859e-09	4.508782e+01	7.608517e+02
2.920000e-06	8.285398e-09	2.872471e-09	4.538257e+01	7.615292e+02
2.930000e-06	8.338514e-09	2.874946e-09	4.567401e+01	7.621565e+02
2.940000e-06	8.391011e-09	2.877613e-09	4.596207e+01	7.628692e+02
2.950000e-06	8.442910e-09	2.880424e-09	4.624679e+01	7.636768e+02
2.960000e-06	8.494224e-09	2.883024e-09	4.652828e+01	7.643815e+02
2.970000e-06	8.544941e-09	2.885460e-09	4.680660e+01	7.650203e+02
2.980000e-06	8.595083e-09	2.888109e-09	4.708183e+01	7.657776e+02
2.990000e-06	8.644645e-09	2.890875e-09	4.735379e+01	7.665857e+02
3.000000e-06	8.693595e-09	2.892761e-09	4.762239e+01	7.671580e+02
3.010000e-06	8.741927e-09	2.893813e-09	4.788762e+01	7.674732e+02
3.020000e-06	8.789621e-09	2.895335e-09	4.814939e+01	7.678701e+02
3.030000e-06	8.836653e-09	2.897521e-09	4.840755e+01	7.684880e+02
3.040000e-06	8.883000e-09	2.899989e-09	4.866185e+01	7.691970e+02
3.050000e-06	8.928642e-09	2.902746e-09	4.891225e+01	7.699524e+02
3.060000e-06	8.973577e-09	2.905220e-09	4.915886e+01	7.706479e+02
3.070000e-06	9.017848e-09	2.906932e-09	4.940188e+01	7.711396e+02
3.080000e-06	9.061506e-09	2.908368e-09	4.964155e+01	7.715380e+02
3.090000e-06	9.104538e-09	2.909806e-09	4.987777e+01	7.719827e+02
3.100000e-06	9.146918e-09	2.911146e-09	5.011038e+01	7.724438e+02
3.110000e-06	9.188638e-09	2.912364e-09	5.033939e+01	7.728483e+02
3.120000e-06	9.229708e-09	2.913813e-09	5.056486e+01	7.732527e+02
3.130000e-06	9.270153e-09	2.916006e-09	5.078688e+01	7.738164e+02
3.140000e-06	9.309943e-09	2.918479e-09	5.100531e+01	7.744754e+02
3.150000e-06	9.349051e-09	2.920519e-09	5.121998e+01	7.750156e+02
3.160000e-06	9.387458e-09	2.921976e-09	5.143089e+01	7.754098e+02
3.170000e-06	9.425189e-09	2.922940e-09	5.163813e+01	7.757342e+02
3.180000e-06	9.462290e-09	2.923707e-09	5.184189e+01	7.760507e+02
3.190000e-06	9.498724e-09	2.924626e-09	5.204203e+01	7.764130e+02
3.200000e-06	9.534449e-09	2.925857e-09	5.223826e+01	7.768079e+02
3.210000e-06	9.569470e-09	2.927232e-09	5.243064e+01	7.771628e+02
3.220000e-06	9.603827e-09	2.928640e-09	5.261937e+01	7.774592e+02
3.230000e-06	9.637544e-09	2.930386e-09	5.280458e+01	7.778140e+02
3.240000e-06	9.670613e-09	2.932279e-09	5.298626e+01	7.783066e+02
3.250000e-06	9.703005e-09	2.933731e-09	5.316417e+01	7.787925e+02
3.260000e-06	9.734701e-09	2.934549e-09	5.333823e+01	7.790822e+02
3.270000e-06	9.765703e-09	2.934995e-09	5.350856e+01	7.792451e+02
3.280000e-06	9.795975e-09	2.935598e-09	5.367493e+01	7.794505e+02
3.290000e-06	9.825485e-09	2.936586e-09	5.383708e+01	7.797243e+02
3.300000e-06	9.854250e-09	2.937810e-09	5.399510e+01	7.800074e+02
3.310000e-06	9.882301e-09	2.938940e-09	5.414929e+01	7.802861e+02
3.320000e-06	9.909661e-09	2.939800e-09	5.429976e+01	7.805406e+02
3.330000e-06	9.936299e-09	2.940867e-09	5.444619e+01	7.808560e+02
3.340000e-06	9.962184e-09	2.942253e-09	5.458847e+01	7.812935e+02
3.350000e-06	9.987356e-09	2.943371e-09	5.472685e+01	7.816738e+02
3.360000e-06	1.001188e-08	2.944077e-09	5.486163e+01	7.818704e+02
3.370000e-06	1.003575e-08	2.944479e-09	5.499281e+01	7.819420e+02
3.380000e-06	1.005890e-08	2.944798e-09	5.512012e+01	7.820239e+02
3.390000e-06	1.008131e-08	2.945360e-09	5.524337e+01	7.821917e+02
3.400000e-06	1.010299e-08	2.946250e-09	5.536259e+01	7.824545e+02
3.410000e-06	1.012388e-08	2.947197e-09	5.547752e+01	7.827430e+02
3.420000e-06	1.014392e-08	2.948018e-09	5.558776e+01	7.829759e+02
3.430000e-06	1.016314e-08	2.949035e-09	5.569346e+01	7.832296e+02
3.440000e-06	1.018161e-08	2.950252e-09	5.579510e+01	7.835310e+02
3.450000e-06	1.019940e-08	2.951137e-09	5.589307e+01	7.837634e+02
3.460000e-06	1.021648e-08	2.951451e-09	5.598716e+01	7.838645e+02
3.470000e-06	1.023278e-08	2.951550e-09	5.607694e+01	7.838824e+02
3.480000e-06	1.024833e-08	2.951935e-09	5.616265e+01	7.839871e+02
3.490000e-06	1.026320e-08	2.952512e-09	5.624465e+01	7.841919e+02
3.500000e-06	1.027738e-08	2.953021e-09	5.632282e+01	7.843714e+02
3.510000e-06	1.029080e-08	2.953660e-09	5.639681e+01	7.845505e+02
3.520000e-06	1.030348e-08	2.954485e-09	5.646673e+01	7.847571e+02
3.530000e-06	1.031549e-08	2.955277e-09	5.653298e+01	7.849522e+02
3.540000e-06	1.032686e-08	2.955995e-09	5.659567e+01	7.851284e+02
3.550000e-06	1.033748e-08	2.956721e-09	5.665432e+01	7.852704e+02
3.560000e-06	1.034729e-08	2.957236e-09	5.670848e+01	7.853548e+02
3.570000e-06	1.035634e-08	2.957397e-09	5.675853e+01	7.854089e+02
3.580000e-06	1.036472e-08	2.957657e-09	5.680485e+01	7.854919e+02
3.590000e-06	1.037241e-08	2.958411e-09	5.684741e+01	7.857046e+02
3.600000e-06	1.037933e-08	2.959383e-09	5.688583e+01	7.860095e+02
3.610000e-06	1.038545e-08	2.960364e-09	5.691988e+01	7.862644e+02
3.620000e-06	1.039081e-08	2.961274e-09	5.694974e+01	7.864640e+02
3.630000e-06	1.039539e-08	2.961916e-09	5.697528e+01	7.866092e+02
3.640000e-06	1.039912e-08	2.962514e-09	5.699622e+01	7.867435e+02
3.650000e-06	1.040208e-08	2.963156e-09	5.701291e+01	7.869126e+02
3.660000e-06	1.040435e-08	2.963630e-09	5.702579e+01	7.870445e+02
3.670000e-06	1.040596e-08	2.963889e-09	5.703498e+01	7.871201e+02
3.680000e-06	1.040681e-08	2.963938e-09	5.704013e+01	7.871368e+02
3.690000e-06	1.040688e-08	2.964021e-09	5.704098e+01	7.871538e+02
3.700000e-06	1.040624e-08	2.964435e-09	5.703793e+01	7.872552e+02
3.710000e-06	1.040497e-08	2.965225e-09	5.703138e+01	7.874042e+02
3.720000e-06	1.040302e-08	2.966124e-09	5.702115e+01	7.875778e+02
3.730000e-06	1.040031e-08	2.966685e-09	5.700671e+01	7.876835e+02
3.740000e-06	1.039689e-08	2.966906e-09	5.698831e+01	7.877267e+02
3.750000e-06	1.039282e-08	2.966838e-09	5.696640e+01	7.877571e+02
3.760000e-06	1.038807e-08	2.965635e-09	5.694071e+01	7.874781e+02
3.770000e-06	1.038252e-08	2.965117e-09	5.691079e+01	7.870861e+02
3.780000e-06	1.037609e-08	2.970000e-09	5.687608e+01	7.885443e+02
3.790000e-06	1.036854e-08	2.976343e-09	5.683543e+01	7.907435e+02
3.800000e-06	1.035960e-08	2.970532e-09	5.678725e+01	7.889796e+02
3.810000e-06	1.034960e-08	2.958171e-09	5.673270e+01	7.841948e+02
3.820000e-06	1.033928e-08	2.960611e-09	5.667604e+01	7.847973e+02
3.830000e-06	1.032889e-08	2.972966e-09	5.661921e+01	7.902126e+02
3.840000e-06	1.031785e-08	2.972579e-09	5.655929e+01	7.899570e+02
3.850000e-06	1.030575e-08	2.966596e-09	5.649350e+01	7.849400e+02
3.860000e-06	1.029300e-08	2.984538e-09	5.642378e+01	7.887436e+02
3.870000e-06	1.027984e-08	2.999715e-09	5.635205e+01	7.964953e+02
3.880000e-06	1.026586e-08	2.973176e-09	5.627604e+01	7.903931e+02
3.890000e-06	1.025088e-08	2.938593e-09	5.619440e+01	7.794443e+02
3.900000e-06	1.023528e-08	2.935627e-09	5.610915e+01	7.801751e+02
3.910000e-06	1.021915e-08	2.946080e-09	5.602115e+01	7.840617e+02
3.920000e-06	1.020229e-08	2.939260e-09	5.592913e+01	7.799272e+02
3.930000e-06	1.018475e-08	2.937360e-09	5.583327e+01	7.789056e+02
3.940000e-06	1.016657e-08	2.938818e-09	5.573409e+01	7.833273e+02
3.950000e-06	1.014749e-08	2.908345e-09	5.563007e+01	7.766849e+02
3.960000e-06	1.012746e-08	2.873723e-09	5.552071e+01	7.658829e+02
3.970000e-06	1.010670e-08	2.872925e-09	5.540724e+01	7.675049e+02
3.980000e-06	1.008517e-08	2.882363e-09	5.528977e+01	7.709150e+02
3.990000e-06	1.006282e-08	2.887794e-09	5.516775e+01	7.681179e+02
4.000000e-06	1.003980e-08	2.918236e-09	5.504189e+01	7.739616e+02
4.010000e-06	1.001611e-08	2.952862e-09	5.491248e+01	7.846398e+02
4.020000e-06	9.991653e-09	2.949843e-09	5.477887e+01	7.826931e+02
4.030000e-06	9.966445e-09	2.940410e-09	5.464107e+01	7.791683e+02
4.040000e-06	9.940536e-09	2.941442e-09	5.449941e+01	7.830908e+02
4.050000e-06	9.913921e-09	2.919245e-09	5.435391e+01	7.786254e+02
4.060000e-06	9.886619e-09	2.894059e-09	5.420464e+01	7.703561e+02
4.070000e-06	9.858583e-09	2.895037e-09	5.405147e+01	7.726010e+02
4.080000e-06	9.829768e-09	2.887783e-09	5.389407e+01	7.719175e+02
4.090000e-06	9.800193e-09	2.869630e-09	5.373243e+01	7.649654e+02
4.100000e-06	9.769776e-09	2.876436e-09	5.356625e+01	7.672559e+02
4.110000e-06	9.738468e-09	2.879761e-09	5.339518e+01	7.696764e+02
4.120000e-06	9.706406e-09	2.867229e-09	5.321979e+01	7.643111e+02
4.130000e-06	9.673725e-09	2.876610e-09	5.304098e+01	7.664588e+02
4.140000e-06	9.640425e-09	2.884804e-09	5.285880e+01	7.703869e+02
4.150000e-06	9.606485e-09	2.873421e-09	5.267309e+01	7.664768e+02
4.160000e-06	9.571852e-09	2.876179e-09	5.248364e+01	7.666123e+02
4.170000e-06	9.536515e-09	2.880540e-09	5.229031e+01	7.684376e+02
4.180000e-06	9.500533e-09	2.871420e-09	5.209341e+01	7.654759e+02
4.190000e-06	9.463913e-09	2.873087e-09	5.189304e+01	7.656135e+02
4.200000e-06	9.426596e-09	2.876910e-09	5.168890e+01	7.668422e+02
4.210000e-06	9.388565e-09	2.870751e-09	5.148093e+01	7.651136e+02
4.220000e-06	9.349859e-09	2.870500e-09	5.126918e+01	7.652865e+02
4.230000e-06	9.310490e-09	2.873346e-09	5.105368e+01	7.658943e+02
4.240000e-06	9.270418e-09	2.870690e-09	5.083439e+01	7.648323e+02
4.250000e-06	9.229598e-09	2.869689e-09	5.061114e+01	7.649688e+02
4.260000e-06	9.188051e-09	2.869792e-09	5.038386e+01	7.648352e+02
4.270000e-06	9.145879e-09	2.867738e-09	5.015298e+01	7.637272e+02
4.280000e-06	9.103134e-09	2.866645e-09	4.991895e+01	7.636878e+02
4.290000e-06	9.059803e-09	2.866725e-09	4.968175e+01	7.639096e+02
4.300000e-06	9.015845e-09	2.866141e-09	4.944117e+01	7.634831e+02
4.310000e-06	8.971221e-09	2.864866e-09	4.919696e+01	7.631569e+02
4.320000e-06	8.925913e-09	2.863649e-09	4.894900e+01	7.628057e+02
4.330000e-06	8.879903e-09	2.862756e-09	4.869729e+01	7.623511e+02
4.340000e-06	8.833170e-09	2.861729e-09	4.844172e+01	7.620109e+02
4.350000e-06	8.785710e-09	2.861165e-09	4.818211e+01	7.618894e+02
4.360000e-06	8.737583e-09	2.860645e-09	4.791867e+01	7.617649e+02
4.370000e-06	8.688834e-09	2.859290e-09	4.765177e+01	7.613498e+02
4.380000e-06	8.639430e-09	2.858145e-09	4.738134e+01	7.609186e+02
4.390000e-06	8.589351e-09	2.857102e-09	4.710721e+01	7.606464e+02
4.400000e-06	8.538635e-09	2.855582e-09	4.682958e+01	7.602607e+02
4.410000e-06	8.487316e-09	2.853791e-09	4.654858e+01	7.596295e+02
4.420000e-06	8.435432e-09	2.852228e-09	4.626444e+01	7.591052e+02
4.430000e-06	8.383018e-09	2.851748e-09	4.597741e+01	7.590349e+02
4.440000e-06	8.330042e-09	2.851758e-09	4.568737e+01	7.590070e+02
4.450000e-06	8.276475e-09	2.850862e-09	4.539415e+01	7.586268e+02
4.460000e-06	8.222297e-09	2.849603e-09	4.509764e+01	7.582554e+02
4.470000e-06	8.167482e-09	2.848381e-09	4.479755e+01	7.578631e+02
4.480000e-06	8.112045e-09	2.846634e-09	4.449400e+01	7.572551e+02
4.490000e-06	8.055965e-09	2.844792e-09	4.418702e+01	7.567015e+02
4.500000e-06	7.999233e-09	2.843538e-09	4.387646e+01	7.563741e+02
4.510000e-06	7.941889e-09	2.842123e-09	4.356248e+01	7.559032e+02
4.520000e-06	7.883954e-09	2.840440e-09	4.324523e+01	7.553354e+02
4.530000e-06	7.825430e-09	2.839146e-09	4.292471e+01	7.549666e+02
4.540000e-06	7.766335e-09	2.837799e-09	4.260109e+01	7.546058e+02
4.550000e-06	7.706721e-09	2.835613e-09	4.227468e+01	7.539455e+02
4.560000e-06	7.646598e-09	2.833379e-09	4.194547e+01	7.532961e+02
4.570000e-06	7.585931e-09	2.831767e-09	4.161324e+01	7.528367e+02
4.580000e-06	7.524741e-09	2.830402e-09	4.127814e+01	7.523957e+02
4.590000e-06	7.463062e-09	2.828958e-09	4.094034e+01	7.519450e+02
4.600000e-06	7.400844e-09	2.827323e-09	4.059964e+01	7.514312e+02
4.610000e-06	7.338045e-09	2.825271e-09	4.025580e+01	7.507501e+02
4.620000e-06	7.274668e-09	2.822733e-09	3.990880e+01	7.500059e+02
4.630000e-06	7.210719e-09	2.820284e-09	3.955869e+01	7.493375e+02
4.640000e-06	7.146223e-09	2.818195e-09	3.920546e+01	7.487502e+02
4.650000e-06	7.081203e-09	2.816396e-09	3.884929e+01	7.482209e+02
4.660000e-06	7.015671e-09	2.815055e-09	3.849031e+01	7.477898e+02
4.670000e-06	6.949618e-09	2.813837e-09	3.812858e+01	7.473799e+02
4.680000e-06	6.883069e-09	2.811933e-09	3.776414e+01	7.467872e+02
4.690000e-06	6.816049e-09	2.809334e-09	3.739707e+01	7.460025e+02
4.700000e-06	6.748564e-09	2.806374e-09	3.702738e+01	7.451332e+02
4.710000e-06	6.680643e-09	2.803346e-09	3.665522e+01	7.442925e+02
4.720000e-06	6.612293e-09	2.800716e-09	3.628073e+01	7.435817e+02
4.730000e-06	6.543496e-09	2.798934e-09	3.590389e+01	7.430724e+02
4.740000e-06	6.474229e-09	2.797536e-09	3.552453e+01	7.426184e+02
4.750000e-06	6.404477e-09	2.795740e-09	3.514256e+01	7.420285e+02
4.760000e-06	6.334233e-09	2.793307e-09	3.475794e+01	7.412960e+02
4.770000e-06	6.263502e-09	2.790520e-09	3.437061e+01	7.405083e+02
4.780000e-06	6.192265e-09	2.787576e-09	3.398048e+01	7.396625e+02
4.790000e-06	6.120513e-09	2.784756e-09	3.358760e+01	7.388326e+02
4.800000e-06	6.048285e-09	2.782573e-09	3.319214e+01	7.381510e+02
4.810000e-06	5.975609e-09	2.780590e-09	3.279417e+01	7.375511e+02
4.820000e-06	5.902493e-09	2.778519e-09	3.239371e+01	7.369394e+02
4.830000e-06	5.828950e-09	2.776682e-09	3.199087e+01	7.363692e+02
4.840000e-06	5.755001e-09	2.774528e-09	3.158576e+01	7.357205e+02
4.850000e-06	5.680661e-09	2.771882e-09	3.117843e+01	7.349556e+02
4.860000e-06	5.605926e-09	2.769357e-09	3.076898e+01	7.342083e+02
4.870000e-06	5.530785e-09	2.767045e-09	3.035738e+01	7.335242e+02
4.880000e-06	5.455237e-09	2.764735e-09	2.994364e+01	7.328665e+02
4.890000e-06	5.379281e-09	2.762545e-09	2.952762e+01	7.321935e+02
4.900000e-06	5.302916e-09	2.760291e-09	2.910932e+01	7.314614e+02
4.910000e-06	5.226155e-09	2.757581e-09	2.868883e+01	7.306612e+02
4.920000e-06	5.149006e-09	2.754796e-09	2.826621e+01	7.298530e+02
4.930000e-06	5.071490e-09	2.752380e-09	2.784153e+01	7.291106e+02
4.940000e-06	4.993613e-09	2.750056e-09	2.741487e+01	7.284371e+02
4.950000e-06	4.915380e-09	2.747470e-09	2.698628e+01	7.277296e+02
4.960000e-06	4.836818e-09	2.744656e-09	2.655590e+01	7.269053e+02
4.970000e-06	4.757942e-09	2.741727e-09	2.612381e+01	7.260016e+02
4.980000e-06	4.678752e-09	2.738753e-09	2.569001e+01	7.250883e+02
4.990000e-06	4.599260e-09	2.735833e-09	2.525449e+01	7.241734e+02
5.000000e-06	4.519460e-09	2.733010e-09	2.481725e+01	7.233127e+02
5.010000e-06	4.439326e-09	2.730131e-09	2.437827e+01	7.224909e+02
5.020000e-06	4.358840e-09	2.727262e-09	2.393735e+01	7.216735e+02
5.030000e-06	4.278000e-09	2.724518e-09	2.349442e+01	7.208662e+02
5.040000e-06	4.196796e-09	2.721438e-09	2.304956e+01	7.199559e+02
5.050000e-06	4.115236e-09	2.717759e-09	2.260281e+01	7.188866e+02
5.060000e-06	4.033370e-09	2.714081e-09	2.215434e+01	7.178095e+02
5.070000e-06	3.951223e-09	2.710751e-09	2.170433e+01	7.168227e+02
5.080000e-06	3.868802e-09	2.707632e-09	2.125281e+01	7.159123e+02
5.090000e-06	3.786131e-09	2.704645e-09	2.079979e+01	7.150478e+02
5.100000e-06	3.703199e-09	2.701631e-09	2.034535e+01	7.141781e+02
5.110000e-06	3.620007e-09	2.698417e-09	1.988951e+01	7.132407e+02
5.120000e-06	3.536566e-09	2.694989e-09	1.943233e+01	7.122277e+02
5.130000e-06	3.452881e-09	2.691490e-09	1.897380e+01	7.111683e+02
5.140000e-06	3.368943e-09	2.687868e-09	1.851379e+01	7.100743e+02
5.150000e-06	3.284744e-09	2.683966e-09	1.805231e+01	7.089565e+02
5.160000e-06	3.200290e-09	2.679949e-09	1.758950e+01	7.078376e+02
5.170000e-06	3.115586e-09	2.675902e-09	1.712538e+01	7.067133e+02
5.180000e-06	3.030649e-09	2.671859e-09	1.665996e+01	7.055807e+02
5.190000e-06	2.945492e-09	2.667821e-09	1.619330e+01	7.044235e+02
5.200000e-06	2.860118e-09	2.663779e-09	1.572550e+01	7.032349e+02
5.210000e-06	2.774544e-09	2.659770e-09	1.525666e+01	7.020424e+02
5.220000e-06	2.688789e-09	2.655669e-09	1.478680e+01	7.008245e+02
5.230000e-06	2.602883e-09	2.651491e-09	1.431603e+01	6.996040e+02
5.240000e-06	2.516824e-09	2.647394e-09	1.384442e+01	6.984453e+02
5.250000e-06	2.430604e-09	2.643103e-09	1.337195e+01	6.972235e+02
5.260000e-06	2.344230e-09	2.638233e-09	1.289859e+01	6.958596e+02
5.270000e-06	2.257694e-09	2.632781e-09	1.242436e+01	6.943840e+02
5.280000e-06	2.171006e-09	2.627230e-09	1.194931e+01	6.928328e+02
5.290000e-06	2.084160e-09	2.622029e-09	1.147341e+01	6.913258e+02
5.300000e-06	1.997145e-09	2.617156e-09	1.099650e+01	6.899228e+02
5.310000e-06	1.909963e-09	2.612790e-09	1.051858e+01	6.886371e+02
5.320000e-06	1.822606e-09	2.608725e-09	1.003979e+01	6.874201e+02
5.330000e-06	1.735086e-09	2.604360e-09	9.560180e+00	6.861576e+02
5.340000e-06	1.647432e-09	2.599375e-09	9.079768e+00	6.847556e+02
5.350000e-06	1.559668e-09	2.593501e-09	8.598750e+00	6.831215e+02
5.360000e-06	1.471810e-09	2.587088e-09	8.117276e+00	6.813405e+02
5.370000e-06	1.383870e-09	2.581061e-09	7.635355e+00	6.796878e+02
5.380000e-06	1.295877e-09	2.575488e-09	7.153081e+00	6.781290e+02
5.390000e-06	1.207819e-09	2.570202e-09	6.670448e+00	6.765975e+02
5.400000e-06	1.119682e-09	2.565454e-09	6.187386e+00	6.751966e+02
5.410000e-06	1.031474e-09	2.560787e-09	5.703955e+00	6.738035e+02
5.420000e-06	9.431977e-10	2.555234e-09	5.220198e+00	6.721947e+02
5.430000e-06	8.548601e-10	2.548747e-09	4.736049e+00	6.703647e+02
5.440000e-06	7.664520e-10	2.541899e-09	4.251479e+00	6.684479e+02
5.450000e-06	6.779781e-10	2.535005e-09	3.766629e+00	6.665321e+02
5.460000e-06	5.894485e-10	2.528429e-09	3.281453e+00	6.646959e+02
5.470000e-06	5.008650e-10	2.522386e-09	2.795933e+00	6.629727e+02
5.480000e-06	4.122311e-10	2.516489e-09	2.310154e+00	6.612671e+02
5.490000e-06	3.235664e-10	2.510174e-09	1.824236e+00	6.594555e+02
5.500000e-06	2.349051e-10	2.503271e-09	1.338342e+00	6.574659e+02
5.510000e-06	1.462538e-10	2.495970e-09	8.524659e-01	6.553542e+02
5.520000e-06	5.761855e-11	2.488509e-09	3.666595e-01	6.532345e+02
5.530000e-06	-3.099066e-11	2.481019e-09	-1.189844e-01	6.511059e+02
5.540000e-06	-1.195869e-10	2.473499e-09	-6.045518e-01	6.489676e+02
5.550000e-06	-2.081782e-10	2.465834e-09	-1.090088e+00	6.467981e+02
5.560000e-06	-2.967580e-10	2.458046e-09	-1.575553e+00	6.445386e+02
5.570000e-06	-3.853275e-10	2.450082e-09	-2.060968e+00	6.422254e+02
5.580000e-06	-4.738835e-10	2.441703e-09	-2.546291e+00	6.398442e+02
5.590000e-06	-5.624234e-10	2.432692e-09	-3.031508e+00	6.372998e+02
5.600000e-06	-6.509300e-10	2.423345e-09	-3.516572e+00	6.346598e+02
5.610000e-06	-7.393863e-10	2.413982e-09	-4.001367e+00	6.320070e+02
5.620000e-06	-8.277928e-10	2.404620e-09	-4.485869e+00	6.293067e+02
5.630000e-06	-9.161334e-10	2.394930e-09	-4.970042e+00	6.264839e+02
5.640000e-06	-1.004377e-09	2.384518e-09	-5.453734e+00	6.234993e+02
5.650000e-06	-1.092530e-09	2.373460e-09	-5.936925e+00	6.203714e+02
5.660000e-06	-1.180597e-09	2.362012e-09	-6.419636e+00	6.170826e+02
5.670000e-06	-1.268560e-09	2.350331e-09	-6.901833e+00	6.137021e+02
5.680000e-06	-1.356427e-09	2.338336e-09	-7.383543e+00	6.102707e+02
5.690000e-06	-1.444212e-09	2.325789e-09	-7.864773e+00	6.066639e+02
5.700000e-06	-1.531914e-09	2.312652e-09	-8.345519e+00	6.028908e+02
5.710000e-06	-1.619520e-09	2.299213e-09	-8.825730e+00	5.990308e+02
5.720000e-06	-1.707012e-09	2.285436e-09	-9.305370e+00	5.950366e+02
5.730000e-06	-1.794382e-09	2.270909e-09	-9.784392e+00	5.908314e+02
5.740000e-06	-1.881620e-09	2.255518e-09	-1.026271e+01	5.863718e+02
5.750000e-06	-1.968706e-09	2.239443e-09	-1.074023e+01	5.816833e+02
5.760000e-06	-2.055632e-09	2.222924e-09	-1.121683e+01	5.768490e+02
5.770000e-06	-2.142392e-09	2.206023e-09	-1.169248e+01	5.719144e+02
5.780000e-06	-2.228974e-09	2.188336e-09	-1.216717e+01	5.668094e+02
5.790000e-06	-2.315379e-09	2.169438e-09	-1.264089e+01	5.613797e+02
5.800000e-06	-2.401601e-09	2.149323e-09	-1.311367e+01	5.555334e+02
5.810000e-06	-2.487643e-09	2.127975e-09	-1.358548e+01	5.492097e+02
5.820000e-06	-2.573513e-09	2.104882e-09	-1.405631e+01	5.422718e+02
5.830000e-06	-2.659213e-09	2.079213e-09	-1.452617e+01	5.344800e+02
5.840000e-06	-2.744745e-09	2.050338e-09	-1.499498e+01	5.256343e+02
5.850000e-06	-2.830091e-09	2.018250e-09	-1.546276e+01	5.157050e+02
5.860000e-06	-2.915248e-09	1.982513e-09	-1.592956e+01	5.044442e+02
5.870000e-06	-3.000216e-09	1.941488e-09	-1.639535e+01	4.912129e+02
5.880000e-06	-3.084986e-09	1.892945e-09	-1.686009e+01	4.750903e+02
5.890000e-06	-3.169533e-09	1.833739e-09	-1.732365e+01	4.547823e+02
5.900000e-06	-3.253838e-09	1.759549e-09	-1.778591e+01	4.286033e+02
5.910000e-06	-3.337892e-09	1.664980e-09	-1.824684e+01	3.944706e+02
5.920000e-06	-3.421671e-09	1.542071e-09	-1.870630e+01	3.497391e+02
5.930000e-06	-3.505163e-09	1.380248e-09	-1.916417e+01	2.916655e+02
5.940000e-06	-3.588385e-09	1.169626e-09	-1.962048e+01	2.187867e+02
5.950000e-06	-3.671339e-09	9.038760e-10	-2.007533e+01	1.322681e+02
5.960000e-06	-3.754022e-09	5.840701e-10	-2.052875e+01	3.644983e+01
5.970000e-06	-3.836441e-09	2.243011e-10	-2.098065e+01	-6.170364e+01
5.980000e-06	-3.918607e-09	-1.498257e-10	-2.143103e+01	-1.546873e+02
5.990000e-06	-4.000518e-09	-5.102270e-10	-2.187992e+01	-2.370445e+02
6.000000e-06	-4.082145e-09	-8.342293e-10	-2.232731e+01	-3.064243e+02
6.010000e-06	-4.163478e-09	-1.109003e-09	-2.277313e+01	-3.631126e+02
6.020000e-06	-4.244496e-09	-1.333359e-09	-2.321724e+01	-4.090992e+02
6.030000e-06	-4.325147e-09	-1.514258e-09	-2.365943e+01	-4.469325e+02
6.040000e-06	-4.405428e-09	-1.661029e-09	-2.409959e+01	-4.787248e+02
6.050000e-06	-4.485358e-09	-1.782602e-09	-2.453785e+01	-5.059762e+02
6.060000e-06	-4.564946e-09	-1.886158e-09	-2.497430e+01	-5.298027e+02
6.070000e-06	-4.644195e-09	-1.976858e-09	-2.540889e+01	-5.510353e+02
6.080000e-06	-4.723103e-09	-2.057983e-09	-2.584161e+01	-5.701456e+02
6.090000e-06	-4.801679e-09	-2.131064e-09	-2.627252e+01	-5.872915e+02
6.100000e-06	-4.879926e-09	-2.196547e-09	-2.670163e+01	-6.025503e+02
6.110000e-06	-4.957841e-09	-2.254995e-09	-2.712894e+01	-6.161231e+02
6.120000e-06	-5.035418e-09	-2.307651e-09	-2.755441e+01	-6.283470e+02
6.130000e-06	-5.112647e-09	-2.355815e-09	-2.797794e+01	-6.395132e+02
6.140000e-06	-5.189512e-09	-2.399715e-09	-2.839949e+01	-6.497218e+02
6.150000e-06	-5.266019e-09	-2.438913e-09	-2.881913e+01	-6.588724e+02
6.160000e-06	-5.342164e-09	-2.473673e-09	-2.923680e+01	-6.668992e+02
6.170000e-06	-5.417914e-09	-2.504830e-09	-2.965228e+01	-6.740004e+02
6.180000e-06	-5.493259e-09	-2.533070e-09	-3.006552e+01	-6.804233e+02
6.190000e-06	-5.568201e-09	-2.558550e-09	-3.047650e+01	-6.862618e+02
6.200000e-06	-5.642720e-09	-2.581412e-09	-3.088523e+01	-6.915322e+02
6.210000e-06	-5.716801e-09	-2.601953e-09	-3.129155e+01	-6.962738e+02
6.220000e-06	-5.790446e-09	-2.620532e-09	-3.169542e+01	-7.005598e+02
6.230000e-06	-5.863654e-09	-2.637543e-09	-3.209690e+01	-7.044549e+02
6.240000e-06	-5.936431e-09	-2.653301e-09	-3.249600e+01	-7.080395e+02
6.250000e-06	-6.008763e-09	-2.667770e-09	-3.289265e+01	-7.113516e+02
6.260000e-06	-6.080637e-09	-2.680599e-09	-3.328672e+01	-7.142841e+02
6.270000e-06	-6.152026e-09	-2.691985e-09	-3.367812e+01	-7.168598e+02
6.280000e-06	-6.222931e-09	-2.702385e-09	-3.406692e+01	-7.192253e+02
6.290000e-06	-6.293368e-09	-2.711862e-09	-3.445312e+01	-7.214156e+02
6.300000e-06	-6.363332e-09	-2.720337e-09	-3.483676e+01	-7.234201e+02
6.310000e-06	-6.432818e-09	-2.728063e-09	-3.521794e+01	-7.252590e+02
6.320000e-06	-6.501838e-09	-2.735381e-09	-3.559660e+01	-7.269762e+02
6.330000e-06	-6.570409e-09	-2.742407e-09	-3.597279e+01	-7.286562e+02
6.340000e-06	-6.638544e-09	-2.749326e-09	-3.634659e+01	-7.303740e+02
6.350000e-06	-6.706238e-09	-2.755857e-09	-3.671792e+01	-7.320066e+02
6.360000e-06	-6.773462e-09	-2.761526e-09	-3.708664e+01	-7.334127e+02
6.370000e-06	-6.840201e-09	-2.766545e-09	-3.745278e+01	-7.346535e+02
6.380000e-06	-6.906468e-09	-2.771245e-09	-3.781633e+01	-7.358233e+02
6.390000e-06	-6.972260e-09	-2.775751e-09	-3.817717e+01	-7.369495e+02
6.400000e-06	-7.037545e-09	-2.780262e-09	-3.853524e+01	-7.380833e+02
6.410000e-06	-7.102314e-09	-2.784659e-09	-3.889055e+01	-7.391891e+02
6.420000e-06	-7.166567e-09	-2.788654e-09	-3.924300e+01	-7.401874e+02
6.430000e-06	-7.230295e-09	-2.792458e-09	-3.959254e+01	-7.411421e+02
6.440000e-06	-7.293487e-09	-2.796399e-09	-3.993915e+01	-7.421547e+02
6.450000e-06	-7.356127e-09	-2.800477e-09	-4.028279e+01	-7.432030e+02
6.460000e-06	-7.418208e-09	-2.804528e-09	-4.062340e+01	-7.442277e+02
6.470000e-06	-7.479739e-09	-2.808374e-09	-4.096099e+01	-7.451928e+02
6.480000e-06	-7.540720e-09	-2.812151e-09	-4.129555e+01	-7.461512e+02
6.490000e-06	-7.601147e-09	-2.815944e-09	-4.162710e+01	-7.471888e+02
6.500000e-06	-7.661037e-09	-2.819235e-09	-4.195570e+01	-7.481329e+02
6.510000e-06	-7.720399e-09	-2.821839e-09	-4.228139e+01	-7.488365e+02
6.520000e-06	-7.779230e-09	-2.824373e-09	-4.260416e+01	-7.494596e+02
6.530000e-06	-7.837534e-09	-2.827405e-09	-4.292399e+01	-7.502268e+02
6.540000e-06	-7.895285e-09	-2.830728e-09	-4.324084e+01	-7.511249e+02
6.550000e-06	-7.952453e-09	-2.833667e-09	-4.355452e+01	-7.519404e+02
6.560000e-06	-8.009023e-09	-2.835932e-09	-4.386491e+01	-7.525617e+02
6.570000e-06	-8.064989e-09	-2.837761e-09	-4.417194e+01	-7.530598e+02
6.580000e-06	-8.120348e-09	-2.839483e-09	-4.447565e+01	-7.535679e+02
6.590000e-06	-8.175099e-09	-2.841591e-09	-4.477607e+01	-7.541917e+02
6.600000e-06	-8.229235e-09	-2.844229e-09	-4.507311e+01	-7.549334e+02
6.610000e-06	-8.282765e-09	-2.847014e-09	-4.536684e+01	-7.556840e+02
6.620000e-06	-8.335707e-09	-2.849858e-09	-4.565734e+01	-7.564294e+02
6.630000e-06	-8.388055e-09	-2.852335e-09	-4.594459e+01	-7.571125e+02
6.640000e-06	-8.439825e-09	-2.854045e-09	-4.622870e+01	-7.576520e+02
6.650000e-06	-8.491021e-09	-2.855277e-09	-4.650968e+01	-7.580915e+02
6.660000e-06	-8.541628e-09	-2.856300e-09	-4.678734e+01	-7.584156e+02
6.670000e-06	-8.591656e-09	-2.857553e-09	-4.706180e+01	-7.587542e+02
6.680000e-06	-8.641080e-09	-2.859659e-09	-4.733306e+01	-7.593399e+02
6.690000e-06	-8.689884e-09	-2.862472e-09	-4.760095e+01	-7.601349e+02
6.700000e-06	-8.738060e-09	-2.865330e-09	-4.786535e+01	-7.609156e+02
6.710000e-06	-8.785565e-09	-2.867867e-09	-4.812607e+01	-7.615721e+02
6.720000e-06	-8.832366e-09	-2.869761e-09	-4.838293e+01	-7.620936e+02
6.730000e-06	-8.878437e-09	-2.870989e-09	-4.863587e+01	-7.625213e+02
6.740000e-06	-8.923764e-09	-2.872046e-09	-4.888478e+01	-7.629575e+02
6.750000e-06	-8.968389e-09	-2.873019e-09	-4.912976e+01	-7.633349e+02
6.760000e-06	-9.012359e-09	-2.874098e-09	-4.937118e+01	-7.636522e+02
6.770000e-06	-9.055715e-09	-2.876233e-09	-4.960923e+01	-7.641772e+02
6.780000e-06	-9.098481e-09	-2.879396e-09	-4.984399e+01	-7.649785e+02
6.790000e-06	-9.140652e-09	-2.882336e-09	-5.007546e+01	-7.657919e+02
6.800000e-06	-9.182180e-09	-2.884166e-09	-5.030341e+01	-7.663498e+02
6.810000e-06	-9.223019e-09	-2.884810e-09	-5.052759e+01	-7.665994e+02
6.820000e-06	-9.263188e-09	-2.884901e-09	-5.074811e+01	-7.667057e+02
6.830000e-06	-9.302717e-09	-2.884978e-09	-5.096514e+01	-7.668400e+02
6.840000e-06	-9.341622e-09	-2.885270e-09	-5.117875e+01	-7.670057e+02
6.850000e-06	-9.379877e-09	-2.886054e-09	-5.138882e+01	-7.672185e+02
6.860000e-06	-9.417453e-09	-2.887569e-09	-5.159516e+01	-7.675973e+02
6.870000e-06	-9.454351e-09	-2.889761e-09	-5.179779e+01	-7.681674e+02
6.880000e-06	-9.490591e-09	-2.891905e-09	-5.199684e+01	-7.687942e+02
6.890000e-06	-9.526165e-09	-2.893376e-09	-5.219224e+01	-7.693003e+02
6.900000e-06	-9.561039e-09	-2.894063e-09	-5.238377e+01	-7.695822e+02
6.910000e-06	-9.595206e-09	-2.894161e-09	-5.257146e+01	-7.696632e+02
6.920000e-06	-9.628695e-09	-2.894150e-09	-5.275548e+01	-7.696830e+02
6.930000e-06	-9.661550e-09	-2.894580e-09	-5.293598e+01	-7.698005e+02
6.940000e-06	-9.693771e-09	-2.895491e-09	-5.311298e+01	-7.700758e+02
6.950000e-06	-9.725287e-09	-2.896510e-09	-5.328610e+01	-7.703984e+02
6.960000e-06	-9.756031e-09	-2.897846e-09	-5.345500e+01	-7.707734e+02
6.970000e-06	-9.786018e-09	-2.899490e-09	-5.361980e+01	-7.712589e+02
6.980000e-06	-9.815290e-09	-2.900634e-09	-5.378073e+01	-7.716717e+02
6.990000e-06	-9.843859e-09	-2.901053e-09	-5.393780e+01	-7.718814e+02
7.000000e-06	-9.871703e-09	-2.901356e-09	-5.409086e+01	-7.719828e+02
7.010000e-06	-9.898812e-09	-2.902069e-09	-5.423986e+01	-7.721316e+02
7.020000e-06	-9.925228e-09	-2.903254e-09	-5.438507e+01	-7.724105e+02
7.030000e-06	-9.950967e-09	-2.904516e-09	-5.452664e+01	-7.727720e+02
7.040000e-06	-9.975987e-09	-2.905480e-09	-5.466431e+01	-7.730888e+02
7.050000e-06	-1.000027e-08	-2.906128e-09	-5.479782e+01	-7.732876e+02
7.060000e-06	-1.002383e-08	-2.906657e-09	-5.492737e+01	-7.734292e+02
7.070000e-06	-1.004673e-08	-2.907278e-09	-5.505331e+01	-7.736047e+02
7.080000e-06	-1.006894e-08	-2.908048e-09	-5.517552e+01	-7.738542e+02
7.090000e-06	-1.009037e-08	-2.908583e-09	-5.529347e+01	-7.740883e+02
7.100000e-06	-1.011097e-08	-2.908665e-09	-5.540689e+01	-7.741816e+02
7.110000e-06	-1.013076e-08	-2.908956e-09	-5.551583e+01	-7.742693e+02
7.120000e-06	-1.014973e-08	-2.909939e-09	-5.562028e+01	-7.745513e+02
7.130000e-06	-1.016797e-08	-2.911114e-09	-5.572066e+01	-7.748841e+02
7.140000e-06	-1.018555e-08	-2.911983e-09	-5.581749e+01	-7.751236e+02
7.150000e-06	-1.020249e-08	-2.912767e-09	-5.591077e+01	-7.753395e+02
7.160000e-06	-1.021877e-08	-2.913612e-09	-5.600040e+01	-7.755525e+02
7.170000e-06	-1.023434e-08	-2.914543e-09	-5.608620e+01	-7.758213e+02
7.180000e-06	-1.024916e-08	-2.915625e-09	-5.616784e+01	-7.761785e+02
7.190000e-06	-1.026324e-08	-2.916454e-09	-5.624543e+01	-7.764939e+02
7.200000e-06	-1.027664e-08	-2.917069e-09	-5.631923e+01	-7.767092e+02
7.210000e-06	-1.028932e-08	-2.917893e-09	-5.638918e+01	-7.769275e+02
7.220000e-06	-1.030124e-08	-2.918806e-09	-5.645500e+01	-7.771888e+02
7.230000e-06	-1.031243e-08	-2.919630e-09	-5.651670e+01	-7.774468e+02
7.240000e-06	-1.032292e-08	-2.920367e-09	-5.657457e+01	-7.776538e+02
7.250000e-06	-1.033270e-08	-2.921140e-09	-5.662860e+01	-7.778655e+02
7.260000e-06	-1.034174e-08	-2.921981e-09	-5.667855e+01	-7.781095e+02
7.270000e-06	-1.035000e-08	-2.922703e-09	-5.672421e+01	-7.783157e+02
7.280000e-06	-1.035752e-08	-2.923232e-09	-5.676589e+01	-7.785138e+02
7.290000e-06	-1.036435e-08	-2.923589e-09	-5.680379e+01	-7.786789e+02
7.300000e-06	-1.037043e-08	-2.923757e-09	-5.683761e+01	-7.787311e+02
7.310000e-06	-1.037566e-08	-2.923870e-09	-5.686685e+01	-7.787507e+02
7.320000e-06	-1.038008e-08	-2.924173e-09	-5.689153e+01	-7.788316e+02
7.330000e-06	-1.038379e-08	-2.924720e-09	-5.691222e+01	-7.789637e+02
7.340000e-06	-1.038678e-08	-2.925374e-09	-5.692905e+01	-7.791206e+02
7.350000e-06	-1.038900e-08	-2.925870e-09	-5.694170e+01	-7.792445e+02
7.360000e-06	-1.039049e-08	-2.926311e-09	-5.695025e+01	-7.793666e+02
7.370000e-06	-1.039130e-08	-2.926700e-09	-5.695511e+01	-7.795082e+02
