# Temperatura_=_24.450000000000003
# Concentracion g/m^3_=_11700.0
# C_Vs_to_Am_M_A/Vsm_=_254322799225.57578
# pendiente_HvsI_1/m_=_3716.3
# ordenada_HvsI_A/m_=_1297.0
# frecuencia_Hz_=_135589.08233136334
# Promedio de 22 ciclos

Tiempo_(s)	Campo_(V.s)	Magnetizacion_(V.s)	Campo_(kA/m)	Magnetizacion_(A/m)
0.000000e+00	-1.040594e-08	-2.433204e-09	-5.697137e+01	-7.019496e+02
1.000000e-08	-1.040593e-08	-2.433253e-09	-5.697134e+01	-7.019567e+02
2.000000e-08	-1.040515e-08	-2.433537e-09	-5.696714e+01	-7.020232e+02
3.000000e-08	-1.040363e-08	-2.433380e-09	-5.695881e+01	-7.019746e+02
4.000000e-08	-1.040142e-08	-2.432955e-09	-5.694677e+01	-7.018670e+02
5.000000e-08	-1.039857e-08	-2.432806e-09	-5.693115e+01	-7.018637e+02
6.000000e-08	-1.039501e-08	-2.432872e-09	-5.691166e+01	-7.018989e+02
7.000000e-08	-1.039064e-08	-2.433550e-09	-5.688776e+01	-7.020539e+02
8.000000e-08	-1.038551e-08	-2.435187e-09	-5.685969e+01	-7.025161e+02
9.000000e-08	-1.037955e-08	-2.436035e-09	-5.682707e+01	-7.028206e+02
1.000000e-07	-1.037257e-08	-2.431107e-09	-5.678888e+01	-7.013486e+02
1.100000e-07	-1.036445e-08	-2.425045e-09	-5.674450e+01	-6.993847e+02
1.200000e-07	-1.035516e-08	-2.428111e-09	-5.669368e+01	-7.002773e+02
1.300000e-07	-1.034503e-08	-2.439771e-09	-5.663822e+01	-7.040193e+02
1.400000e-07	-1.033471e-08	-2.443091e-09	-5.658175e+01	-7.052391e+02
1.500000e-07	-1.032418e-08	-2.427492e-09	-5.652417e+01	-7.001494e+02
1.600000e-07	-1.031271e-08	-2.422493e-09	-5.646143e+01	-6.981327e+02
1.700000e-07	-1.030032e-08	-2.443105e-09	-5.639355e+01	-7.049688e+02
1.800000e-07	-1.028762e-08	-2.441568e-09	-5.632398e+01	-7.051180e+02
1.900000e-07	-1.027437e-08	-2.415357e-09	-5.625149e+01	-6.965036e+02
2.000000e-07	-1.026005e-08	-2.420284e-09	-5.617317e+01	-6.977348e+02
2.100000e-07	-1.024500e-08	-2.437966e-09	-5.609076e+01	-7.040324e+02
2.200000e-07	-1.022955e-08	-2.425422e-09	-5.600619e+01	-7.002718e+02
2.300000e-07	-1.021326e-08	-2.418740e-09	-5.591706e+01	-6.971763e+02
2.400000e-07	-1.019598e-08	-2.441498e-09	-5.582244e+01	-7.044321e+02
2.500000e-07	-1.017812e-08	-2.439433e-09	-5.572466e+01	-7.046473e+02
2.600000e-07	-1.015953e-08	-2.414572e-09	-5.562286e+01	-6.963620e+02
2.700000e-07	-1.013985e-08	-2.421887e-09	-5.551509e+01	-6.982450e+02
2.800000e-07	-1.011930e-08	-2.428941e-09	-5.540255e+01	-7.014241e+02
2.900000e-07	-1.009803e-08	-2.406207e-09	-5.528614e+01	-6.943717e+02
3.000000e-07	-1.007588e-08	-2.408792e-09	-5.516494e+01	-6.942615e+02
3.100000e-07	-1.005305e-08	-2.430065e-09	-5.504001e+01	-7.013724e+02
3.200000e-07	-1.002964e-08	-2.419411e-09	-5.491194e+01	-6.984567e+02
3.300000e-07	-1.000541e-08	-2.413167e-09	-5.477931e+01	-6.954846e+02
3.400000e-07	-9.980442e-09	-2.436027e-09	-5.464259e+01	-7.025753e+02
3.500000e-07	-9.954972e-09	-2.432763e-09	-5.450309e+01	-7.025755e+02
3.600000e-07	-9.928774e-09	-2.412211e-09	-5.435966e+01	-6.957361e+02
3.700000e-07	-9.901707e-09	-2.424552e-09	-5.421150e+01	-6.991985e+02
3.800000e-07	-9.873974e-09	-2.427762e-09	-5.405967e+01	-7.011733e+02
3.900000e-07	-9.845577e-09	-2.405727e-09	-5.390418e+01	-6.941623e+02
4.000000e-07	-9.816369e-09	-2.412010e-09	-5.374431e+01	-6.953037e+02
4.100000e-07	-9.786330e-09	-2.420038e-09	-5.357992e+01	-6.985283e+02
4.200000e-07	-9.755453e-09	-2.401687e-09	-5.341093e+01	-6.929182e+02
4.300000e-07	-9.723704e-09	-2.406209e-09	-5.323715e+01	-6.934951e+02
4.400000e-07	-9.691211e-09	-2.417451e-09	-5.305927e+01	-6.975971e+02
4.500000e-07	-9.658103e-09	-2.404156e-09	-5.287801e+01	-6.937370e+02
4.600000e-07	-9.624412e-09	-2.405639e-09	-5.269356e+01	-6.932882e+02
4.700000e-07	-9.590129e-09	-2.414957e-09	-5.250586e+01	-6.965152e+02
4.800000e-07	-9.555234e-09	-2.405211e-09	-5.231480e+01	-6.939702e+02
4.900000e-07	-9.519674e-09	-2.405263e-09	-5.212015e+01	-6.933120e+02
5.000000e-07	-9.483449e-09	-2.411870e-09	-5.192186e+01	-6.954491e+02
5.100000e-07	-9.446536e-09	-2.404565e-09	-5.171977e+01	-6.936254e+02
5.200000e-07	-9.408935e-09	-2.402645e-09	-5.151391e+01	-6.926191e+02
5.300000e-07	-9.370661e-09	-2.407422e-09	-5.130436e+01	-6.940674e+02
5.400000e-07	-9.331669e-09	-2.402463e-09	-5.109089e+01	-6.928524e+02
5.500000e-07	-9.291923e-09	-2.399672e-09	-5.087330e+01	-6.917052e+02
5.600000e-07	-9.251465e-09	-2.402822e-09	-5.065180e+01	-6.926048e+02
5.700000e-07	-9.210325e-09	-2.401110e-09	-5.042655e+01	-6.923124e+02
5.800000e-07	-9.168496e-09	-2.399589e-09	-5.019753e+01	-6.916918e+02
5.900000e-07	-9.126016e-09	-2.400918e-09	-4.996498e+01	-6.920423e+02
6.000000e-07	-9.082921e-09	-2.398947e-09	-4.972906e+01	-6.916236e+02
6.100000e-07	-9.039221e-09	-2.396505e-09	-4.948980e+01	-6.907763e+02
6.200000e-07	-8.994916e-09	-2.396196e-09	-4.924722e+01	-6.905559e+02
6.300000e-07	-8.949956e-09	-2.394661e-09	-4.900107e+01	-6.901293e+02
6.400000e-07	-8.904274e-09	-2.393595e-09	-4.875097e+01	-6.897444e+02
6.500000e-07	-8.857869e-09	-2.393813e-09	-4.849689e+01	-6.897540e+02
6.600000e-07	-8.810781e-09	-2.392926e-09	-4.823906e+01	-6.895518e+02
6.700000e-07	-8.763025e-09	-2.391748e-09	-4.797763e+01	-6.892064e+02
6.800000e-07	-8.714617e-09	-2.391242e-09	-4.771261e+01	-6.890479e+02
6.900000e-07	-8.665555e-09	-2.389634e-09	-4.744401e+01	-6.886067e+02
7.000000e-07	-8.615815e-09	-2.388128e-09	-4.717168e+01	-6.881158e+02
7.100000e-07	-8.565440e-09	-2.386996e-09	-4.689585e+01	-6.876831e+02
7.200000e-07	-8.514457e-09	-2.385608e-09	-4.661673e+01	-6.872191e+02
7.300000e-07	-8.462875e-09	-2.384960e-09	-4.633430e+01	-6.870031e+02
7.400000e-07	-8.410721e-09	-2.384449e-09	-4.604873e+01	-6.868681e+02
7.500000e-07	-8.357994e-09	-2.382240e-09	-4.576006e+01	-6.862263e+02
7.600000e-07	-8.304707e-09	-2.380394e-09	-4.546829e+01	-6.856247e+02
7.700000e-07	-8.250860e-09	-2.379875e-09	-4.517347e+01	-6.854390e+02
7.800000e-07	-8.196387e-09	-2.378914e-09	-4.487524e+01	-6.851503e+02
7.900000e-07	-8.141257e-09	-2.377196e-09	-4.457343e+01	-6.846081e+02
8.000000e-07	-8.085460e-09	-2.375977e-09	-4.426799e+01	-6.842014e+02
8.100000e-07	-8.028975e-09	-2.375014e-09	-4.395881e+01	-6.838799e+02
8.200000e-07	-7.971816e-09	-2.373710e-09	-4.364590e+01	-6.834600e+02
8.300000e-07	-7.914040e-09	-2.372282e-09	-4.332959e+01	-6.830232e+02
8.400000e-07	-7.855678e-09	-2.370835e-09	-4.301002e+01	-6.825767e+02
8.500000e-07	-7.796739e-09	-2.369116e-09	-4.268726e+01	-6.820285e+02
8.600000e-07	-7.737280e-09	-2.367429e-09	-4.236164e+01	-6.814866e+02
8.700000e-07	-7.677322e-09	-2.366382e-09	-4.203331e+01	-6.811551e+02
8.800000e-07	-7.616838e-09	-2.365119e-09	-4.170215e+01	-6.807922e+02
8.900000e-07	-7.555838e-09	-2.363117e-09	-4.136819e+01	-6.802152e+02
9.000000e-07	-7.494350e-09	-2.361244e-09	-4.103157e+01	-6.796095e+02
9.100000e-07	-7.432341e-09	-2.359798e-09	-4.069212e+01	-6.791083e+02
9.200000e-07	-7.369772e-09	-2.358226e-09	-4.034957e+01	-6.786122e+02
9.300000e-07	-7.306645e-09	-2.356742e-09	-4.000390e+01	-6.781431e+02
9.400000e-07	-7.242952e-09	-2.355347e-09	-3.965514e+01	-6.776875e+02
9.500000e-07	-7.178714e-09	-2.353658e-09	-3.930345e+01	-6.771772e+02
9.600000e-07	-7.113962e-09	-2.351793e-09	-3.894895e+01	-6.766197e+02
9.700000e-07	-7.048694e-09	-2.350182e-09	-3.859164e+01	-6.761153e+02
9.800000e-07	-6.982908e-09	-2.348262e-09	-3.823147e+01	-6.755199e+02
9.900000e-07	-6.916610e-09	-2.346388e-09	-3.786846e+01	-6.749123e+02
1.000000e-06	-6.849810e-09	-2.344870e-09	-3.750274e+01	-6.743904e+02
1.010000e-06	-6.782536e-09	-2.343054e-09	-3.713444e+01	-6.738188e+02
1.020000e-06	-6.714794e-09	-2.340818e-09	-3.676354e+01	-6.731600e+02
1.030000e-06	-6.646606e-09	-2.338780e-09	-3.639020e+01	-6.725524e+02
1.040000e-06	-6.577995e-09	-2.336766e-09	-3.601458e+01	-6.719386e+02
1.050000e-06	-6.508930e-09	-2.334822e-09	-3.563645e+01	-6.713391e+02
1.060000e-06	-6.439407e-09	-2.333275e-09	-3.525576e+01	-6.708403e+02
1.070000e-06	-6.369390e-09	-2.331810e-09	-3.487242e+01	-6.703543e+02
1.080000e-06	-6.298824e-09	-2.329880e-09	-3.448611e+01	-6.697492e+02
1.090000e-06	-6.227715e-09	-2.327429e-09	-3.409680e+01	-6.689878e+02
1.100000e-06	-6.156133e-09	-2.324617e-09	-3.370490e+01	-6.681137e+02
1.110000e-06	-6.084110e-09	-2.322010e-09	-3.331061e+01	-6.673180e+02
1.120000e-06	-6.011621e-09	-2.320076e-09	-3.291375e+01	-6.667144e+02
1.130000e-06	-5.938658e-09	-2.318397e-09	-3.251429e+01	-6.661910e+02
1.140000e-06	-5.865248e-09	-2.316465e-09	-3.211241e+01	-6.656019e+02
1.150000e-06	-5.791431e-09	-2.314448e-09	-3.170829e+01	-6.649591e+02
1.160000e-06	-5.717237e-09	-2.312549e-09	-3.130207e+01	-6.643453e+02
1.170000e-06	-5.642668e-09	-2.310163e-09	-3.089379e+01	-6.636065e+02
1.180000e-06	-5.567726e-09	-2.307197e-09	-3.048348e+01	-6.627160e+02
1.190000e-06	-5.492405e-09	-2.304364e-09	-3.007113e+01	-6.618588e+02
1.200000e-06	-5.416697e-09	-2.301839e-09	-2.965663e+01	-6.611005e+02
1.210000e-06	-5.340586e-09	-2.299263e-09	-2.923988e+01	-6.603368e+02
1.220000e-06	-5.264046e-09	-2.296758e-09	-2.882082e+01	-6.595679e+02
1.230000e-06	-5.187073e-09	-2.294365e-09	-2.839940e+01	-6.588056e+02
1.240000e-06	-5.109711e-09	-2.292101e-09	-2.797583e+01	-6.580845e+02
1.250000e-06	-5.032009e-09	-2.289825e-09	-2.755040e+01	-6.573639e+02
1.260000e-06	-4.953967e-09	-2.287162e-09	-2.712315e+01	-6.565329e+02
1.270000e-06	-4.875590e-09	-2.283976e-09	-2.669405e+01	-6.555748e+02
1.280000e-06	-4.796876e-09	-2.280562e-09	-2.626306e+01	-6.545689e+02
1.290000e-06	-4.717796e-09	-2.277164e-09	-2.583007e+01	-6.535658e+02
1.300000e-06	-4.638367e-09	-2.274056e-09	-2.539523e+01	-6.526393e+02
1.310000e-06	-4.558630e-09	-2.271056e-09	-2.495878e+01	-6.517166e+02
1.320000e-06	-4.478572e-09	-2.267903e-09	-2.452054e+01	-6.507348e+02
1.330000e-06	-4.398181e-09	-2.264877e-09	-2.408044e+01	-6.498125e+02
1.340000e-06	-4.317458e-09	-2.261939e-09	-2.363849e+01	-6.489277e+02
1.350000e-06	-4.236359e-09	-2.258930e-09	-2.319453e+01	-6.480368e+02
1.360000e-06	-4.154874e-09	-2.256299e-09	-2.274852e+01	-6.472543e+02
1.370000e-06	-4.073038e-09	-2.253638e-09	-2.230055e+01	-6.464530e+02
1.380000e-06	-3.990858e-09	-2.250240e-09	-2.185065e+01	-6.454465e+02
1.390000e-06	-3.908350e-09	-2.246513e-09	-2.139891e+01	-6.443386e+02
1.400000e-06	-3.825554e-09	-2.242714e-09	-2.094560e+01	-6.431783e+02
1.410000e-06	-3.742507e-09	-2.238819e-09	-2.049096e+01	-6.419773e+02
1.420000e-06	-3.659226e-09	-2.235363e-09	-2.003500e+01	-6.409214e+02
1.430000e-06	-3.575711e-09	-2.232596e-09	-1.957771e+01	-6.401079e+02
1.440000e-06	-3.491958e-09	-2.230375e-09	-1.911915e+01	-6.394674e+02
1.450000e-06	-3.407970e-09	-2.228031e-09	-1.865933e+01	-6.387626e+02
1.460000e-06	-3.323752e-09	-2.224492e-09	-1.819821e+01	-6.376921e+02
1.470000e-06	-3.239290e-09	-2.220017e-09	-1.773574e+01	-6.363650e+02
1.480000e-06	-3.154590e-09	-2.215252e-09	-1.727197e+01	-6.349654e+02
1.490000e-06	-3.069668e-09	-2.210445e-09	-1.680697e+01	-6.335469e+02
1.500000e-06	-2.984542e-09	-2.206430e-09	-1.634082e+01	-6.323377e+02
1.510000e-06	-2.899192e-09	-2.203169e-09	-1.587345e+01	-6.313451e+02
1.520000e-06	-2.813608e-09	-2.199873e-09	-1.540483e+01	-6.303657e+02
1.530000e-06	-2.727824e-09	-2.196840e-09	-1.493517e+01	-6.294696e+02
1.540000e-06	-2.641864e-09	-2.193843e-09	-1.446455e+01	-6.285721e+02
1.550000e-06	-2.555756e-09	-2.190029e-09	-1.399312e+01	-6.274261e+02
1.560000e-06	-2.469514e-09	-2.185495e-09	-1.352094e+01	-6.260610e+02
1.570000e-06	-2.383131e-09	-2.180618e-09	-1.304796e+01	-6.246002e+02
1.580000e-06	-2.296591e-09	-2.176000e-09	-1.257413e+01	-6.232355e+02
1.590000e-06	-2.209892e-09	-2.172015e-09	-1.209945e+01	-6.220630e+02
1.600000e-06	-2.123048e-09	-2.168217e-09	-1.162396e+01	-6.209288e+02
1.610000e-06	-2.036061e-09	-2.164303e-09	-1.114769e+01	-6.197548e+02
1.620000e-06	-1.948913e-09	-2.160204e-09	-1.067055e+01	-6.185537e+02
1.630000e-06	-1.861606e-09	-2.156025e-09	-1.019255e+01	-6.173306e+02
1.640000e-06	-1.774155e-09	-2.151433e-09	-9.713748e+00	-6.159686e+02
1.650000e-06	-1.686560e-09	-2.146544e-09	-9.234140e+00	-6.144993e+02
1.660000e-06	-1.598832e-09	-2.141455e-09	-8.753833e+00	-6.129822e+02
1.670000e-06	-1.510996e-09	-2.136194e-09	-8.272935e+00	-6.114519e+02
1.680000e-06	-1.423081e-09	-2.131010e-09	-7.791573e+00	-6.099488e+02
1.690000e-06	-1.335097e-09	-2.125967e-09	-7.309839e+00	-6.084704e+02
1.700000e-06	-1.247059e-09	-2.121129e-09	-6.827822e+00	-6.070329e+02
1.710000e-06	-1.158968e-09	-2.116053e-09	-6.345471e+00	-6.055226e+02
1.720000e-06	-1.070802e-09	-2.110749e-09	-5.862704e+00	-6.039570e+02
1.730000e-06	-9.825562e-10	-2.105757e-09	-5.379537e+00	-6.024791e+02
1.740000e-06	-8.942261e-10	-2.100772e-09	-4.895914e+00	-6.010015e+02
1.750000e-06	-8.058202e-10	-2.094950e-09	-4.411862e+00	-5.992986e+02
1.760000e-06	-7.173445e-10	-2.088728e-09	-3.927412e+00	-5.974771e+02
1.770000e-06	-6.287923e-10	-2.082800e-09	-3.442532e+00	-5.957434e+02
1.780000e-06	-5.401685e-10	-2.076832e-09	-2.957269e+00	-5.940177e+02
1.790000e-06	-4.514867e-10	-2.070856e-09	-2.471688e+00	-5.922715e+02
1.800000e-06	-3.627690e-10	-2.065429e-09	-1.985929e+00	-5.906516e+02
1.810000e-06	-2.740271e-10	-2.059862e-09	-1.500074e+00	-5.889960e+02
1.820000e-06	-1.852821e-10	-2.053475e-09	-1.014210e+00	-5.871250e+02
1.830000e-06	-9.655984e-11	-2.046878e-09	-5.284725e-01	-5.851928e+02
1.840000e-06	-7.867742e-12	-2.040225e-09	-4.289339e-02	-5.832492e+02
1.850000e-06	8.079771e-11	-2.033271e-09	4.425497e-01	-5.812185e+02
1.860000e-06	1.694447e-10	-2.026159e-09	9.279296e-01	-5.791235e+02
1.870000e-06	2.580779e-10	-2.019196e-09	1.413246e+00	-5.770666e+02
1.880000e-06	3.467033e-10	-2.012283e-09	1.898486e+00	-5.750369e+02
1.890000e-06	4.353185e-10	-2.004735e-09	2.383680e+00	-5.728316e+02
1.900000e-06	5.239179e-10	-1.996653e-09	2.868789e+00	-5.704792e+02
1.910000e-06	6.124976e-10	-1.988288e-09	3.353751e+00	-5.680442e+02
1.920000e-06	7.010370e-10	-1.979679e-09	3.838510e+00	-5.655293e+02
1.930000e-06	7.895291e-10	-1.971048e-09	4.323054e+00	-5.630174e+02
1.940000e-06	8.779661e-10	-1.962162e-09	4.807318e+00	-5.604375e+02
1.950000e-06	9.663197e-10	-1.953177e-09	5.291127e+00	-5.578139e+02
1.960000e-06	1.054579e-09	-1.944184e-09	5.774417e+00	-5.551796e+02
1.970000e-06	1.142737e-09	-1.934481e-09	6.257139e+00	-5.523676e+02
1.980000e-06	1.230780e-09	-1.923992e-09	6.739228e+00	-5.493403e+02
1.990000e-06	1.318716e-09	-1.913015e-09	7.220731e+00	-5.461488e+02
2.000000e-06	1.406564e-09	-1.901581e-09	7.701706e+00	-5.428309e+02
2.010000e-06	1.494320e-09	-1.889847e-09	8.182160e+00	-5.394358e+02
2.020000e-06	1.581983e-09	-1.877690e-09	8.662113e+00	-5.359019e+02
2.030000e-06	1.669557e-09	-1.864976e-09	9.141574e+00	-5.322346e+02
2.040000e-06	1.757035e-09	-1.851425e-09	9.620514e+00	-5.283626e+02
2.050000e-06	1.844400e-09	-1.836803e-09	1.009887e+01	-5.241775e+02
2.060000e-06	1.931643e-09	-1.821210e-09	1.057656e+01	-5.196985e+02
2.070000e-06	2.018760e-09	-1.804938e-09	1.105355e+01	-5.150127e+02
2.080000e-06	2.105734e-09	-1.787952e-09	1.152976e+01	-5.101095e+02
2.090000e-06	2.192553e-09	-1.769962e-09	1.200510e+01	-5.049175e+02
2.100000e-06	2.279203e-09	-1.751339e-09	1.247953e+01	-4.995578e+02
2.110000e-06	2.365671e-09	-1.732140e-09	1.295294e+01	-4.940346e+02
2.120000e-06	2.451964e-09	-1.711033e-09	1.342535e+01	-4.879896e+02
2.130000e-06	2.538078e-09	-1.687035e-09	1.389677e+01	-4.811508e+02
2.140000e-06	2.624008e-09	-1.660333e-09	1.436718e+01	-4.735230e+02
2.150000e-06	2.709758e-09	-1.630933e-09	1.483665e+01	-4.650665e+02
2.160000e-06	2.795324e-09	-1.598420e-09	1.530516e+01	-4.556430e+02
2.170000e-06	2.880710e-09	-1.561905e-09	1.577269e+01	-4.450070e+02
2.180000e-06	2.965910e-09	-1.519796e-09	1.623926e+01	-4.326802e+02
2.190000e-06	3.050918e-09	-1.470324e-09	1.670477e+01	-4.180693e+02
2.200000e-06	3.135729e-09	-1.411705e-09	1.716916e+01	-4.005500e+02
2.210000e-06	3.220316e-09	-1.340745e-09	1.763231e+01	-3.790632e+02
2.220000e-06	3.304652e-09	-1.252922e-09	1.809410e+01	-3.521122e+02
2.230000e-06	3.388733e-09	-1.143687e-09	1.855449e+01	-3.181738e+02
2.240000e-06	3.472558e-09	-1.008492e-09	1.901348e+01	-2.757927e+02
2.250000e-06	3.556123e-09	-8.428716e-10	1.947102e+01	-2.237643e+02
2.260000e-06	3.639425e-09	-6.437618e-10	1.992711e+01	-1.617282e+02
2.270000e-06	3.722466e-09	-4.131372e-10	2.038175e+01	-9.112896e+01
2.280000e-06	3.805236e-09	-1.596876e-10	2.083489e+01	-1.531638e+01
2.290000e-06	3.887716e-09	1.030140e-10	2.128646e+01	6.133447e+01
2.300000e-06	3.969914e-09	3.585084e-10	2.173647e+01	1.341941e+02
2.310000e-06	4.051827e-09	5.924359e-10	2.218493e+01	1.996538e+02
2.320000e-06	4.133450e-09	7.964553e-10	2.263177e+01	2.559197e+02
2.330000e-06	4.214764e-09	9.678075e-10	2.307686e+01	3.027322e+02
2.340000e-06	4.295736e-09	1.109197e-09	2.352011e+01	3.411766e+02
2.350000e-06	4.376369e-09	1.226946e-09	2.396155e+01	3.731517e+02
2.360000e-06	4.456666e-09	1.327041e-09	2.440115e+01	4.003788e+02
2.370000e-06	4.536614e-09	1.414152e-09	2.483880e+01	4.241319e+02
2.380000e-06	4.616220e-09	1.491923e-09	2.527456e+01	4.453672e+02
2.390000e-06	4.695470e-09	1.562183e-09	2.570843e+01	4.645734e+02
2.400000e-06	4.774350e-09	1.626006e-09	2.614031e+01	4.820203e+02
2.410000e-06	4.852875e-09	1.684586e-09	2.657022e+01	4.979980e+02
2.420000e-06	4.931053e-09	1.738437e-09	2.699823e+01	5.126432e+02
2.430000e-06	5.008889e-09	1.787485e-09	2.742435e+01	5.259501e+02
2.440000e-06	5.086387e-09	1.831917e-09	2.784863e+01	5.380180e+02
2.450000e-06	5.163545e-09	1.872363e-09	2.827110e+01	5.490380e+02
2.460000e-06	5.240366e-09	1.909594e-09	2.869170e+01	5.591756e+02
2.470000e-06	5.316835e-09	1.943973e-09	2.911034e+01	5.685038e+02
2.480000e-06	5.392924e-09	1.975319e-09	2.952693e+01	5.769654e+02
2.490000e-06	5.468613e-09	2.003655e-09	2.994137e+01	5.845603e+02
2.500000e-06	5.543886e-09	2.029567e-09	3.035352e+01	5.914997e+02
2.510000e-06	5.618740e-09	2.053448e-09	3.076334e+01	5.979183e+02
2.520000e-06	5.693177e-09	2.075466e-09	3.117089e+01	6.038416e+02
2.530000e-06	5.767201e-09	2.095713e-09	3.157618e+01	6.092945e+02
2.540000e-06	5.840814e-09	2.114197e-09	3.197920e+01	6.142707e+02
2.550000e-06	5.913996e-09	2.131645e-09	3.237986e+01	6.189296e+02
2.560000e-06	5.986723e-09	2.148010e-09	3.277807e+01	6.232409e+02
2.570000e-06	6.058990e-09	2.162638e-09	3.317375e+01	6.270534e+02
2.580000e-06	6.130811e-09	2.175830e-09	3.356694e+01	6.304761e+02
2.590000e-06	6.202197e-09	2.187755e-09	3.395770e+01	6.335972e+02
2.600000e-06	6.273134e-09	2.198453e-09	3.434599e+01	6.364403e+02
2.610000e-06	6.343613e-09	2.208370e-09	3.473180e+01	6.390790e+02
2.620000e-06	6.413620e-09	2.217795e-09	3.511508e+01	6.415697e+02
2.630000e-06	6.483147e-09	2.226654e-09	3.549579e+01	6.439033e+02
2.640000e-06	6.552196e-09	2.235006e-09	3.587388e+01	6.460883e+02
2.650000e-06	6.620756e-09	2.242898e-09	3.624925e+01	6.481585e+02
2.660000e-06	6.688834e-09	2.250196e-09	3.662197e+01	6.501126e+02
2.670000e-06	6.756429e-09	2.256878e-09	3.699202e+01	6.519278e+02
2.680000e-06	6.823531e-09	2.263033e-09	3.735940e+01	6.535989e+02
2.690000e-06	6.890144e-09	2.268997e-09	3.772410e+01	6.552235e+02
2.700000e-06	6.956272e-09	2.275016e-09	3.808614e+01	6.568649e+02
2.710000e-06	7.021912e-09	2.280819e-09	3.844549e+01	6.584239e+02
2.720000e-06	7.087056e-09	2.286482e-09	3.880214e+01	6.599098e+02
2.730000e-06	7.151710e-09	2.291907e-09	3.915613e+01	6.613307e+02
2.740000e-06	7.215876e-09	2.296584e-09	3.950743e+01	6.626045e+02
2.750000e-06	7.279533e-09	2.300998e-09	3.985595e+01	6.638498e+02
2.760000e-06	7.342672e-09	2.305625e-09	4.020164e+01	6.651329e+02
2.770000e-06	7.405269e-09	2.309939e-09	4.054439e+01	6.663030e+02
2.780000e-06	7.467296e-09	2.313856e-09	4.088401e+01	6.673635e+02
2.790000e-06	7.528755e-09	2.317692e-09	4.122048e+01	6.683942e+02
2.800000e-06	7.589641e-09	2.321501e-09	4.155376e+01	6.694267e+02
2.810000e-06	7.649956e-09	2.325407e-09	4.188393e+01	6.705101e+02
2.820000e-06	7.709724e-09	2.329132e-09	4.221116e+01	6.715490e+02
2.830000e-06	7.768970e-09	2.332398e-09	4.253551e+01	6.724586e+02
2.840000e-06	7.827692e-09	2.335441e-09	4.285703e+01	6.733014e+02
2.850000e-06	7.885877e-09	2.338493e-09	4.317559e+01	6.741560e+02
2.860000e-06	7.943507e-09	2.341342e-09	4.349107e+01	6.749554e+02
2.870000e-06	8.000561e-09	2.344338e-09	4.380344e+01	6.757566e+02
2.880000e-06	8.057016e-09	2.347862e-09	4.411260e+01	6.767193e+02
2.890000e-06	8.112850e-09	2.351172e-09	4.441832e+01	6.776907e+02
2.900000e-06	8.168070e-09	2.353817e-09	4.472058e+01	6.784843e+02
2.910000e-06	8.222671e-09	2.355948e-09	4.501945e+01	6.791155e+02
2.920000e-06	8.276642e-09	2.357906e-09	4.531492e+01	6.796907e+02
2.930000e-06	8.330000e-09	2.359878e-09	4.560705e+01	6.802391e+02
2.940000e-06	8.382753e-09	2.361922e-09	4.589586e+01	6.807987e+02
2.950000e-06	8.434898e-09	2.364319e-09	4.618134e+01	6.814867e+02
2.960000e-06	8.486443e-09	2.366907e-09	4.646351e+01	6.822346e+02
2.970000e-06	8.537394e-09	2.369424e-09	4.674243e+01	6.829609e+02
2.980000e-06	8.587767e-09	2.371748e-09	4.701820e+01	6.836640e+02
2.990000e-06	8.637569e-09	2.373577e-09	4.729087e+01	6.842291e+02
3.000000e-06	8.686770e-09	2.374987e-09	4.756026e+01	6.846417e+02
3.010000e-06	8.735361e-09	2.376768e-09	4.782628e+01	6.851395e+02
3.020000e-06	8.783323e-09	2.378571e-09	4.808884e+01	6.856437e+02
3.030000e-06	8.830630e-09	2.380154e-09	4.834785e+01	6.860938e+02
3.040000e-06	8.877269e-09	2.382197e-09	4.860321e+01	6.866925e+02
3.050000e-06	8.923200e-09	2.384101e-09	4.885469e+01	6.872925e+02
3.060000e-06	8.968416e-09	2.385659e-09	4.910223e+01	6.877993e+02
3.070000e-06	9.012940e-09	2.387338e-09	4.934600e+01	6.882928e+02
3.080000e-06	9.056828e-09	2.388537e-09	4.958634e+01	6.886248e+02
3.090000e-06	9.100113e-09	2.389239e-09	4.982338e+01	6.888324e+02
3.100000e-06	9.142764e-09	2.390430e-09	5.005691e+01	6.891856e+02
3.110000e-06	9.184758e-09	2.391999e-09	5.028679e+01	6.896468e+02
3.120000e-06	9.226087e-09	2.393540e-09	5.051306e+01	6.901054e+02
3.130000e-06	9.266778e-09	2.395265e-09	5.073586e+01	6.906349e+02
3.140000e-06	9.306838e-09	2.396907e-09	5.095520e+01	6.911601e+02
3.150000e-06	9.346221e-09	2.398105e-09	5.117080e+01	6.915432e+02
3.160000e-06	9.384898e-09	2.399056e-09	5.138253e+01	6.918199e+02
3.170000e-06	9.422880e-09	2.399811e-09	5.159049e+01	6.920277e+02
3.180000e-06	9.460210e-09	2.400410e-09	5.179492e+01	6.922166e+02
3.190000e-06	9.496911e-09	2.401343e-09	5.199589e+01	6.925205e+02
3.200000e-06	9.532927e-09	2.402940e-09	5.219309e+01	6.930247e+02
3.210000e-06	9.568215e-09	2.405190e-09	5.238630e+01	6.937075e+02
3.220000e-06	9.602810e-09	2.407354e-09	5.257573e+01	6.943278e+02
3.230000e-06	9.636770e-09	2.408563e-09	5.276170e+01	6.946737e+02
3.240000e-06	9.670111e-09	2.409412e-09	5.294428e+01	6.949351e+02
3.250000e-06	9.702788e-09	2.409971e-09	5.312319e+01	6.951154e+02
3.260000e-06	9.734757e-09	2.409877e-09	5.329822e+01	6.951215e+02
3.270000e-06	9.766025e-09	2.409919e-09	5.346944e+01	6.951751e+02
3.280000e-06	9.796598e-09	2.410631e-09	5.363685e+01	6.954129e+02
3.290000e-06	9.826422e-09	2.411951e-09	5.380015e+01	6.958218e+02
3.300000e-06	9.855470e-09	2.413785e-09	5.395921e+01	6.963626e+02
3.310000e-06	9.883786e-09	2.415439e-09	5.411425e+01	6.968165e+02
3.320000e-06	9.911408e-09	2.416092e-09	5.426551e+01	6.969798e+02
3.330000e-06	9.938331e-09	2.416113e-09	5.441296e+01	6.970006e+02
3.340000e-06	9.964503e-09	2.416106e-09	5.455626e+01	6.970408e+02
3.350000e-06	9.989922e-09	2.416243e-09	5.469543e+01	6.971130e+02
3.360000e-06	1.001466e-08	2.416545e-09	5.483090e+01	6.972329e+02
3.370000e-06	1.003877e-08	2.417127e-09	5.496295e+01	6.974277e+02
3.380000e-06	1.006221e-08	2.418231e-09	5.509133e+01	6.977563e+02
3.390000e-06	1.008491e-08	2.419689e-09	5.521564e+01	6.981870e+02
3.400000e-06	1.010687e-08	2.420979e-09	5.533588e+01	6.985567e+02
3.410000e-06	1.012808e-08	2.421527e-09	5.545206e+01	6.986958e+02
3.420000e-06	1.014847e-08	2.421218e-09	5.556367e+01	6.986122e+02
3.430000e-06	1.016799e-08	2.420431e-09	5.567048e+01	6.984410e+02
3.440000e-06	1.018671e-08	2.419835e-09	5.577296e+01	6.983154e+02
3.450000e-06	1.020474e-08	2.419969e-09	5.587167e+01	6.983641e+02
3.460000e-06	1.022209e-08	2.420821e-09	5.596663e+01	6.986199e+02
3.470000e-06	1.023866e-08	2.422078e-09	5.605733e+01	6.989817e+02
3.480000e-06	1.025445e-08	2.423248e-09	5.614379e+01	6.993100e+02
3.490000e-06	1.026956e-08	2.424143e-09	5.622649e+01	6.995769e+02
3.500000e-06	1.028399e-08	2.424641e-09	5.630552e+01	6.997243e+02
3.510000e-06	1.029770e-08	2.424550e-09	5.638057e+01	6.996773e+02
3.520000e-06	1.031064e-08	2.424038e-09	5.645138e+01	6.995253e+02
3.530000e-06	1.032287e-08	2.423583e-09	5.651829e+01	6.994278e+02
3.540000e-06	1.033445e-08	2.423639e-09	5.658167e+01	6.994664e+02
3.550000e-06	1.034535e-08	2.424205e-09	5.664138e+01	6.996386e+02
3.560000e-06	1.035546e-08	2.424947e-09	5.669674e+01	6.998726e+02
3.570000e-06	1.036477e-08	2.425351e-09	5.674770e+01	6.999964e+02
3.580000e-06	1.037337e-08	2.425706e-09	5.679480e+01	7.000962e+02
3.590000e-06	1.038130e-08	2.426075e-09	5.683825e+01	7.002164e+02
3.600000e-06	1.038852e-08	2.425890e-09	5.687770e+01	7.001612e+02
3.610000e-06	1.039493e-08	2.425568e-09	5.691282e+01	7.000366e+02
3.620000e-06	1.040057e-08	2.425403e-09	5.694368e+01	6.999843e+02
3.630000e-06	1.040544e-08	2.425208e-09	5.697030e+01	6.999596e+02
3.640000e-06	1.040946e-08	2.425293e-09	5.699230e+01	7.000082e+02
3.650000e-06	1.041267e-08	2.425654e-09	5.700982e+01	7.001240e+02
3.660000e-06	1.041516e-08	2.426037e-09	5.702346e+01	7.002472e+02
3.670000e-06	1.041699e-08	2.426660e-09	5.703344e+01	7.004232e+02
3.680000e-06	1.041811e-08	2.427153e-09	5.703958e+01	7.005476e+02
3.690000e-06	1.041845e-08	2.427245e-09	5.704142e+01	7.005557e+02
3.700000e-06	1.041804e-08	2.426996e-09	5.703920e+01	7.004502e+02
3.710000e-06	1.041696e-08	2.426280e-09	5.703334e+01	7.002189e+02
3.720000e-06	1.041525e-08	2.425785e-09	5.702397e+01	7.000946e+02
3.730000e-06	1.041281e-08	2.425780e-09	5.701062e+01	7.001192e+02
3.740000e-06	1.040961e-08	2.425639e-09	5.699310e+01	7.000981e+02
3.750000e-06	1.040575e-08	2.425474e-09	5.697197e+01	7.000827e+02
3.760000e-06	1.040125e-08	2.424527e-09	5.694727e+01	6.997860e+02
3.770000e-06	1.039598e-08	2.421891e-09	5.691846e+01	6.988671e+02
3.780000e-06	1.038987e-08	2.427282e-09	5.688499e+01	7.004381e+02
3.790000e-06	1.038274e-08	2.436568e-09	5.684594e+01	7.035028e+02
3.800000e-06	1.037427e-08	2.431872e-09	5.679955e+01	7.021549e+02
3.810000e-06	1.036448e-08	2.412028e-09	5.674592e+01	6.956544e+02
3.820000e-06	1.035414e-08	2.409951e-09	5.668930e+01	6.947959e+02
3.830000e-06	1.034385e-08	2.432312e-09	5.663298e+01	7.023113e+02
3.840000e-06	1.033317e-08	2.433586e-09	5.657447e+01	7.032153e+02
3.850000e-06	1.032137e-08	2.409183e-09	5.650984e+01	6.948440e+02
3.860000e-06	1.030871e-08	2.412482e-09	5.644041e+01	6.953051e+02
3.870000e-06	1.029572e-08	2.441611e-09	5.636926e+01	7.052192e+02
3.880000e-06	1.028209e-08	2.435447e-09	5.629462e+01	7.036379e+02
3.890000e-06	1.026738e-08	2.413012e-09	5.621409e+01	6.956992e+02
3.900000e-06	1.025193e-08	2.423269e-09	5.612948e+01	6.987198e+02
3.910000e-06	1.023603e-08	2.433180e-09	5.604241e+01	7.027870e+02
3.920000e-06	1.021941e-08	2.411710e-09	5.595134e+01	6.957682e+02
3.930000e-06	1.020202e-08	2.413610e-09	5.585606e+01	6.951394e+02
3.940000e-06	1.018408e-08	2.444137e-09	5.575781e+01	7.050657e+02
3.950000e-06	1.016534e-08	2.437772e-09	5.565522e+01	7.035643e+02
3.960000e-06	1.014556e-08	2.416989e-09	5.554695e+01	6.960800e+02
3.970000e-06	1.012501e-08	2.430828e-09	5.543442e+01	7.002741e+02
3.980000e-06	1.010377e-08	2.434121e-09	5.531811e+01	7.026547e+02
3.990000e-06	1.008166e-08	2.407066e-09	5.519708e+01	6.939705e+02
4.000000e-06	1.005882e-08	2.410155e-09	5.507203e+01	6.940641e+02
4.010000e-06	1.003535e-08	2.431672e-09	5.494358e+01	7.016138e+02
4.020000e-06	1.001114e-08	2.419970e-09	5.481104e+01	6.981337e+02
4.030000e-06	9.986149e-09	2.419925e-09	5.467420e+01	6.967729e+02
4.040000e-06	9.960432e-09	2.447852e-09	5.453338e+01	7.056715e+02
4.050000e-06	9.934019e-09	2.441049e-09	5.438878e+01	7.043739e+02
4.060000e-06	9.906925e-09	2.426890e-09	5.424046e+01	6.988676e+02
4.070000e-06	9.879136e-09	2.446016e-09	5.408837e+01	7.048493e+02
4.080000e-06	9.850557e-09	2.439572e-09	5.393193e+01	7.041843e+02
4.090000e-06	9.821219e-09	2.417247e-09	5.377129e+01	6.966129e+02
4.100000e-06	9.791105e-09	2.431288e-09	5.360640e+01	7.007191e+02
4.110000e-06	9.760071e-09	2.426896e-09	5.343650e+01	7.007582e+02
4.120000e-06	9.728194e-09	2.403308e-09	5.326195e+01	6.928452e+02
4.130000e-06	9.695682e-09	2.415522e-09	5.308391e+01	6.960028e+02
4.140000e-06	9.662562e-09	2.414227e-09	5.290256e+01	6.970839e+02
4.150000e-06	9.628810e-09	2.397187e-09	5.271773e+01	6.913055e+02
4.160000e-06	9.594392e-09	2.413513e-09	5.252927e+01	6.952532e+02
4.170000e-06	9.559253e-09	2.412594e-09	5.233687e+01	6.962459e+02
4.180000e-06	9.523432e-09	2.395584e-09	5.214072e+01	6.909162e+02
4.190000e-06	9.486987e-09	2.408255e-09	5.194116e+01	6.938261e+02
4.200000e-06	9.449877e-09	2.409752e-09	5.173794e+01	6.951338e+02
4.210000e-06	9.412064e-09	2.395919e-09	5.153089e+01	6.910037e+02
4.220000e-06	9.373558e-09	2.402680e-09	5.132006e+01	6.923750e+02
4.230000e-06	9.334365e-09	2.405042e-09	5.110547e+01	6.935924e+02
4.240000e-06	9.294490e-09	2.396739e-09	5.088714e+01	6.911345e+02
4.250000e-06	9.253889e-09	2.400263e-09	5.066483e+01	6.917088e+02
4.260000e-06	9.212534e-09	2.400811e-09	5.043838e+01	6.921351e+02
4.270000e-06	9.170500e-09	2.394350e-09	5.020823e+01	6.902299e+02
4.280000e-06	9.127893e-09	2.395007e-09	4.997495e+01	6.901178e+02
4.290000e-06	9.084723e-09	2.396542e-09	4.973860e+01	6.907531e+02
4.300000e-06	9.040948e-09	2.393948e-09	4.949896e+01	6.900954e+02
4.310000e-06	8.996518e-09	2.393902e-09	4.925577e+01	6.899152e+02
4.320000e-06	8.951410e-09	2.393635e-09	4.900881e+01	6.898618e+02
4.330000e-06	8.905621e-09	2.390759e-09	4.875809e+01	6.890273e+02
4.340000e-06	8.859116e-09	2.389537e-09	4.850347e+01	6.884854e+02
4.350000e-06	8.811859e-09	2.389323e-09	4.824478e+01	6.883488e+02
4.360000e-06	8.763901e-09	2.387240e-09	4.798224e+01	6.877729e+02
4.370000e-06	8.715302e-09	2.385891e-09	4.771614e+01	6.873567e+02
4.380000e-06	8.666068e-09	2.385532e-09	4.744655e+01	6.872684e+02
4.390000e-06	8.616151e-09	2.384802e-09	4.717326e+01	6.870927e+02
4.400000e-06	8.565578e-09	2.384327e-09	4.689644e+01	6.869438e+02
4.410000e-06	8.514392e-09	2.382341e-09	4.661626e+01	6.863274e+02
4.420000e-06	8.462628e-09	2.379177e-09	4.633286e+01	6.853046e+02
4.430000e-06	8.410332e-09	2.378434e-09	4.604651e+01	6.850000e+02
4.440000e-06	8.357495e-09	2.378028e-09	4.575722e+01	6.848957e+02
4.450000e-06	8.304086e-09	2.375902e-09	4.546481e+01	6.842518e+02
4.460000e-06	8.250079e-09	2.374712e-09	4.516915e+01	6.838615e+02
4.470000e-06	8.195429e-09	2.374083e-09	4.486993e+01	6.837021e+02
4.480000e-06	8.140152e-09	2.372304e-09	4.456723e+01	6.831702e+02
4.490000e-06	8.084252e-09	2.370221e-09	4.426115e+01	6.825026e+02
4.500000e-06	8.027685e-09	2.368899e-09	4.395142e+01	6.820891e+02
4.510000e-06	7.970482e-09	2.367103e-09	4.363820e+01	6.815286e+02
4.520000e-06	7.912685e-09	2.364917e-09	4.332174e+01	6.808398e+02
4.530000e-06	7.854308e-09	2.364010e-09	4.300211e+01	6.805316e+02
4.540000e-06	7.795357e-09	2.363689e-09	4.267935e+01	6.804077e+02
4.550000e-06	7.735859e-09	2.362220e-09	4.235361e+01	6.799467e+02
4.560000e-06	7.675846e-09	2.360573e-09	4.202506e+01	6.794167e+02
4.570000e-06	7.615301e-09	2.359128e-09	4.169356e+01	6.789575e+02
4.580000e-06	7.554227e-09	2.357524e-09	4.135913e+01	6.784668e+02
4.590000e-06	7.492666e-09	2.356148e-09	4.102202e+01	6.780368e+02
4.600000e-06	7.430579e-09	2.354651e-09	4.068210e+01	6.775690e+02
4.610000e-06	7.367910e-09	2.352585e-09	4.033902e+01	6.769333e+02
4.620000e-06	7.304667e-09	2.350962e-09	3.999277e+01	6.764212e+02
4.630000e-06	7.240853e-09	2.349793e-09	3.964341e+01	6.760321e+02
4.640000e-06	7.176462e-09	2.348040e-09	3.929088e+01	6.754855e+02
4.650000e-06	7.111546e-09	2.346111e-09	3.893542e+01	6.748920e+02
4.660000e-06	7.046126e-09	2.344400e-09	3.857722e+01	6.743519e+02
4.670000e-06	6.980192e-09	2.342417e-09	3.821623e+01	6.737585e+02
4.680000e-06	6.913762e-09	2.340688e-09	3.785252e+01	6.732515e+02
4.690000e-06	6.846847e-09	2.339093e-09	3.748615e+01	6.727756e+02
4.700000e-06	6.779450e-09	2.337002e-09	3.711715e+01	6.721351e+02
4.710000e-06	6.711603e-09	2.334533e-09	3.674565e+01	6.713710e+02
4.720000e-06	6.643332e-09	2.332252e-09	3.637181e+01	6.706551e+02
4.730000e-06	6.574623e-09	2.330260e-09	3.599561e+01	6.700267e+02
4.740000e-06	6.505456e-09	2.328440e-09	3.561691e+01	6.694477e+02
4.750000e-06	6.435814e-09	2.326806e-09	3.523557e+01	6.689289e+02
4.760000e-06	6.365687e-09	2.325046e-09	3.485159e+01	6.683834e+02
4.770000e-06	6.295067e-09	2.323184e-09	3.446492e+01	6.678104e+02
4.780000e-06	6.223929e-09	2.321071e-09	3.407546e+01	6.671747e+02
4.790000e-06	6.152279e-09	2.318359e-09	3.368322e+01	6.663675e+02
4.800000e-06	6.080152e-09	2.315549e-09	3.328836e+01	6.655081e+02
4.810000e-06	6.007562e-09	2.313281e-09	3.289092e+01	6.647938e+02
4.820000e-06	5.934521e-09	2.311277e-09	3.249102e+01	6.641760e+02
4.830000e-06	5.861053e-09	2.309558e-09	3.208882e+01	6.636510e+02
4.840000e-06	5.787167e-09	2.307856e-09	3.168430e+01	6.631182e+02
4.850000e-06	5.712873e-09	2.305756e-09	3.127748e+01	6.624658e+02
4.860000e-06	5.638182e-09	2.303111e-09	3.086850e+01	6.616509e+02
4.870000e-06	5.563096e-09	2.300420e-09	3.045740e+01	6.608151e+02
4.880000e-06	5.487611e-09	2.297885e-09	3.004411e+01	6.600445e+02
4.890000e-06	5.411717e-09	2.295064e-09	2.962860e+01	6.592101e+02
4.900000e-06	5.335419e-09	2.292291e-09	2.921090e+01	6.583632e+02
4.910000e-06	5.258722e-09	2.289987e-09	2.879102e+01	6.576409e+02
4.920000e-06	5.181634e-09	2.287622e-09	2.836898e+01	6.569373e+02
4.930000e-06	5.104171e-09	2.285352e-09	2.794482e+01	6.562568e+02
4.940000e-06	5.026338e-09	2.283114e-09	2.751864e+01	6.555543e+02
4.950000e-06	4.948145e-09	2.280008e-09	2.709054e+01	6.546031e+02
4.960000e-06	4.869615e-09	2.276683e-09	2.666060e+01	6.535838e+02
4.970000e-06	4.790770e-09	2.274226e-09	2.622892e+01	6.528160e+02
4.980000e-06	4.711606e-09	2.271670e-09	2.579553e+01	6.520688e+02
4.990000e-06	4.632131e-09	2.268787e-09	2.536044e+01	6.512274e+02
5.000000e-06	4.552353e-09	2.266174e-09	2.492363e+01	6.504321e+02
5.010000e-06	4.472259e-09	2.263276e-09	2.448507e+01	6.495514e+02
5.020000e-06	4.391826e-09	2.260398e-09	2.404470e+01	6.486695e+02
5.030000e-06	4.311031e-09	2.257990e-09	2.360234e+01	6.478924e+02
5.040000e-06	4.229865e-09	2.255105e-09	2.315795e+01	6.469864e+02
5.050000e-06	4.148345e-09	2.251677e-09	2.271164e+01	6.459641e+02
5.060000e-06	4.066502e-09	2.248454e-09	2.226357e+01	6.450222e+02
5.070000e-06	3.984364e-09	2.245353e-09	2.181388e+01	6.441443e+02
5.080000e-06	3.901947e-09	2.242182e-09	2.136268e+01	6.432570e+02
5.090000e-06	3.819262e-09	2.238760e-09	2.091003e+01	6.422480e+02
5.100000e-06	3.736323e-09	2.235122e-09	2.045595e+01	6.411178e+02
5.110000e-06	3.653131e-09	2.231771e-09	2.000043e+01	6.400558e+02
5.120000e-06	3.569679e-09	2.228820e-09	1.954350e+01	6.391157e+02
5.130000e-06	3.485980e-09	2.225664e-09	1.908520e+01	6.381495e+02
5.140000e-06	3.402030e-09	2.222310e-09	1.862552e+01	6.371750e+02
5.150000e-06	3.317827e-09	2.218592e-09	1.816448e+01	6.361291e+02
5.160000e-06	3.233370e-09	2.214874e-09	1.770209e+01	6.350679e+02
5.170000e-06	3.148662e-09	2.211523e-09	1.723836e+01	6.340733e+02
5.180000e-06	3.063719e-09	2.207834e-09	1.677332e+01	6.329482e+02
5.190000e-06	2.978547e-09	2.203657e-09	1.630701e+01	6.316553e+02
5.200000e-06	2.893153e-09	2.199605e-09	1.583947e+01	6.303737e+02
5.210000e-06	2.807560e-09	2.196135e-09	1.537082e+01	6.292870e+02
5.220000e-06	2.721783e-09	2.192692e-09	1.490119e+01	6.282915e+02
5.230000e-06	2.635842e-09	2.188840e-09	1.443064e+01	6.272150e+02
5.240000e-06	2.549743e-09	2.184772e-09	1.395924e+01	6.260584e+02
5.250000e-06	2.463485e-09	2.180582e-09	1.348701e+01	6.248208e+02
5.260000e-06	2.377073e-09	2.176559e-09	1.301394e+01	6.235949e+02
5.270000e-06	2.290509e-09	2.172692e-09	1.253998e+01	6.223977e+02
5.280000e-06	2.203788e-09	2.168267e-09	1.206512e+01	6.210301e+02
5.290000e-06	2.116901e-09	2.163397e-09	1.158934e+01	6.195667e+02
5.300000e-06	2.029849e-09	2.158912e-09	1.111266e+01	6.182701e+02
5.310000e-06	1.942627e-09	2.155102e-09	1.063509e+01	6.171856e+02
5.320000e-06	1.855235e-09	2.151211e-09	1.015663e+01	6.160600e+02
5.330000e-06	1.767682e-09	2.146531e-09	9.677290e+00	6.146840e+02
5.340000e-06	1.679981e-09	2.141555e-09	9.197141e+00	6.131917e+02
5.350000e-06	1.592153e-09	2.136695e-09	8.716319e+00	6.117097e+02
5.360000e-06	1.504227e-09	2.132010e-09	8.234983e+00	6.102892e+02
5.370000e-06	1.416232e-09	2.127322e-09	7.753240e+00	6.089009e+02
5.380000e-06	1.328174e-09	2.122130e-09	7.271106e+00	6.073920e+02
5.390000e-06	1.240051e-09	2.116652e-09	6.788605e+00	6.058169e+02
5.400000e-06	1.151855e-09	2.111860e-09	6.305728e+00	6.044015e+02
5.410000e-06	1.063579e-09	2.107452e-09	5.822432e+00	6.030555e+02
5.420000e-06	9.752282e-10	2.102511e-09	5.338706e+00	6.015747e+02
5.430000e-06	8.868020e-10	2.097088e-09	4.854551e+00	5.999717e+02
5.440000e-06	7.983070e-10	2.091313e-09	4.370025e+00	5.982771e+02
5.450000e-06	7.097524e-10	2.085702e-09	3.885177e+00	5.966236e+02
5.460000e-06	6.211395e-10	2.080183e-09	3.399996e+00	5.950049e+02
5.470000e-06	5.324628e-10	2.074186e-09	2.914469e+00	5.932695e+02
5.480000e-06	4.437375e-10	2.067988e-09	2.428680e+00	5.914446e+02
5.490000e-06	3.549874e-10	2.061740e-09	1.942743e+00	5.895906e+02
5.500000e-06	2.662284e-10	2.055672e-09	1.456742e+00	5.877950e+02
5.510000e-06	1.774761e-10	2.050145e-09	9.707963e-01	5.861382e+02
5.520000e-06	8.873892e-11	2.044485e-09	4.849516e-01	5.844668e+02
5.530000e-06	2.468192e-14	2.037866e-09	-7.836898e-04	5.825601e+02
5.540000e-06	-8.867369e-11	2.030539e-09	-4.864610e-01	5.804422e+02
5.550000e-06	-1.773713e-10	2.023121e-09	-9.721157e-01	5.782668e+02
5.560000e-06	-2.660588e-10	2.015646e-09	-1.457715e+00	5.760593e+02
5.570000e-06	-3.547343e-10	2.007717e-09	-1.943257e+00	5.737165e+02
5.580000e-06	-4.434023e-10	1.999478e-09	-2.428748e+00	5.712949e+02
5.590000e-06	-5.320528e-10	1.991198e-09	-2.914128e+00	5.688911e+02
5.600000e-06	-6.206689e-10	1.982972e-09	-3.399292e+00	5.665047e+02
5.610000e-06	-7.092356e-10	1.974787e-09	-3.884208e+00	5.641104e+02
5.620000e-06	-7.977542e-10	1.966277e-09	-4.368860e+00	5.616349e+02
5.630000e-06	-8.862168e-10	1.957283e-09	-4.853182e+00	5.590315e+02
5.640000e-06	-9.746017e-10	1.947816e-09	-5.337110e+00	5.562636e+02
5.650000e-06	-1.062897e-09	1.937762e-09	-5.820571e+00	5.533043e+02
5.660000e-06	-1.151094e-09	1.927016e-09	-6.303466e+00	5.501659e+02
5.670000e-06	-1.239196e-09	1.915862e-09	-6.785812e+00	5.469392e+02
5.680000e-06	-1.327201e-09	1.904392e-09	-7.267619e+00	5.436413e+02
5.690000e-06	-1.415111e-09	1.892327e-09	-7.748920e+00	5.401743e+02
5.700000e-06	-1.502942e-09	1.880077e-09	-8.229764e+00	5.366335e+02
5.710000e-06	-1.590680e-09	1.868104e-09	-8.710083e+00	5.331472e+02
5.720000e-06	-1.678320e-09	1.855600e-09	-9.189846e+00	5.295165e+02
5.730000e-06	-1.765843e-09	1.841911e-09	-9.669003e+00	5.255611e+02
5.740000e-06	-1.853232e-09	1.827677e-09	-1.014743e+01	5.214247e+02
5.750000e-06	-1.940476e-09	1.812834e-09	-1.062509e+01	5.171101e+02
5.760000e-06	-2.027564e-09	1.796968e-09	-1.110196e+01	5.125382e+02
5.770000e-06	-2.114488e-09	1.780550e-09	-1.157796e+01	5.078209e+02
5.780000e-06	-2.201240e-09	1.763316e-09	-1.205300e+01	5.028885e+02
5.790000e-06	-2.287813e-09	1.744887e-09	-1.252702e+01	4.976369e+02
5.800000e-06	-2.374206e-09	1.725617e-09	-1.300003e+01	4.921307e+02
5.810000e-06	-2.460415e-09	1.705060e-09	-1.347202e+01	4.862427e+02
5.820000e-06	-2.546437e-09	1.682277e-09	-1.394297e+01	4.797126e+02
5.830000e-06	-2.632281e-09	1.656774e-09	-1.441296e+01	4.723791e+02
5.840000e-06	-2.717946e-09	1.628204e-09	-1.488202e+01	4.641350e+02
5.850000e-06	-2.803442e-09	1.596386e-09	-1.535014e+01	4.549237e+02
5.860000e-06	-2.888762e-09	1.560657e-09	-1.581725e+01	4.445553e+02
5.870000e-06	-2.973899e-09	1.519609e-09	-1.628336e+01	4.325958e+02
5.880000e-06	-3.058834e-09	1.471840e-09	-1.674839e+01	4.185269e+02
5.890000e-06	-3.143551e-09	1.415237e-09	-1.721223e+01	4.016363e+02
5.900000e-06	-3.228047e-09	1.347092e-09	-1.767482e+01	3.810307e+02
5.910000e-06	-3.312294e-09	1.264009e-09	-1.813604e+01	3.555479e+02
5.920000e-06	-3.396268e-09	1.160960e-09	-1.859583e+01	3.235587e+02
5.930000e-06	-3.479966e-09	1.032628e-09	-1.905414e+01	2.833587e+02
5.940000e-06	-3.563388e-09	8.744999e-10	-1.951095e+01	2.336356e+02
5.950000e-06	-3.646533e-09	6.834952e-10	-1.996621e+01	1.739234e+02
5.960000e-06	-3.729402e-09	4.602200e-10	-2.041994e+01	1.052146e+02
5.970000e-06	-3.812003e-09	2.112171e-10	-2.087220e+01	3.030573e+01
5.980000e-06	-3.894337e-09	-5.052160e-11	-2.132298e+01	-4.647228e+01
5.990000e-06	-3.976408e-09	-3.084656e-10	-2.177230e+01	-1.203851e+02
6.000000e-06	-4.058215e-09	-5.478795e-10	-2.222012e+01	-1.876233e+02
6.010000e-06	-4.139747e-09	-7.588034e-10	-2.266639e+01	-2.459085e+02
6.020000e-06	-4.220962e-09	-9.369459e-10	-2.311093e+01	-2.946141e+02
6.030000e-06	-4.301820e-09	-1.084050e-09	-2.355357e+01	-3.346134e+02
6.040000e-06	-4.382320e-09	-1.205775e-09	-2.399429e+01	-3.676512e+02
6.050000e-06	-4.462463e-09	-1.308399e-09	-2.443307e+01	-3.955537e+02
6.060000e-06	-4.542262e-09	-1.397519e-09	-2.486997e+01	-4.198481e+02
6.070000e-06	-4.621724e-09	-1.477390e-09	-2.530501e+01	-4.416532e+02
6.080000e-06	-4.700850e-09	-1.549765e-09	-2.573827e+01	-4.614550e+02
6.090000e-06	-4.779651e-09	-1.615260e-09	-2.616970e+01	-4.793675e+02
6.100000e-06	-4.858125e-09	-1.674843e-09	-2.659927e+01	-4.955969e+02
6.110000e-06	-4.936268e-09	-1.729208e-09	-2.702707e+01	-5.103748e+02
6.120000e-06	-5.014068e-09	-1.778983e-09	-2.745301e+01	-5.239177e+02
6.130000e-06	-5.091508e-09	-1.824771e-09	-2.787701e+01	-5.363890e+02
6.140000e-06	-5.168596e-09	-1.866671e-09	-2.829912e+01	-5.477817e+02
6.150000e-06	-5.245332e-09	-1.904811e-09	-2.871929e+01	-5.581086e+02
6.160000e-06	-5.321705e-09	-1.939512e-09	-2.913747e+01	-5.674913e+02
6.170000e-06	-5.397700e-09	-1.971347e-09	-2.955357e+01	-5.761054e+02
6.180000e-06	-5.473290e-09	-2.000425e-09	-2.996742e+01	-5.839607e+02
6.190000e-06	-5.548471e-09	-2.026552e-09	-3.037902e+01	-5.909691e+02
6.200000e-06	-5.623238e-09	-2.050428e-09	-3.078832e+01	-5.973276e+02
6.210000e-06	-5.697574e-09	-2.072683e-09	-3.119528e+01	-6.032532e+02
6.220000e-06	-5.771473e-09	-2.093608e-09	-3.159988e+01	-6.088478e+02
6.230000e-06	-5.844929e-09	-2.113232e-09	-3.200204e+01	-6.141266e+02
6.240000e-06	-5.917947e-09	-2.131023e-09	-3.240179e+01	-6.189134e+02
6.250000e-06	-5.990531e-09	-2.146857e-09	-3.279911e+01	-6.231489e+02
6.260000e-06	-6.062655e-09	-2.161035e-09	-3.319391e+01	-6.269306e+02
6.270000e-06	-6.134292e-09	-2.174100e-09	-3.358606e+01	-6.303994e+02
6.280000e-06	-6.205436e-09	-2.186240e-09	-3.397553e+01	-6.335978e+02
6.290000e-06	-6.276107e-09	-2.197668e-09	-3.436241e+01	-6.365890e+02
6.300000e-06	-6.346320e-09	-2.208747e-09	-3.474676e+01	-6.394702e+02
6.310000e-06	-6.416066e-09	-2.219027e-09	-3.512856e+01	-6.421410e+02
6.320000e-06	-6.485329e-09	-2.228439e-09	-3.550777e+01	-6.446161e+02
6.330000e-06	-6.554129e-09	-2.237329e-09	-3.588448e+01	-6.469890e+02
6.340000e-06	-6.622496e-09	-2.245190e-09	-3.625884e+01	-6.490828e+02
6.350000e-06	-6.690436e-09	-2.251769e-09	-3.663087e+01	-6.508312e+02
6.360000e-06	-6.757913e-09	-2.257959e-09	-3.700034e+01	-6.524968e+02
6.370000e-06	-6.824910e-09	-2.264187e-09	-3.736716e+01	-6.541586e+02
6.380000e-06	-6.891440e-09	-2.270558e-09	-3.773141e+01	-6.558315e+02
6.390000e-06	-6.957498e-09	-2.276874e-09	-3.809303e+01	-6.574817e+02
6.400000e-06	-7.023054e-09	-2.282386e-09	-3.845189e+01	-6.589252e+02
6.410000e-06	-7.088096e-09	-2.287431e-09	-3.880797e+01	-6.602908e+02
6.420000e-06	-7.152622e-09	-2.292362e-09	-3.916124e+01	-6.616682e+02
6.430000e-06	-7.216618e-09	-2.296775e-09	-3.951158e+01	-6.629132e+02
6.440000e-06	-7.280080e-09	-2.300944e-09	-3.985902e+01	-6.640561e+02
6.450000e-06	-7.343006e-09	-2.305171e-09	-4.020350e+01	-6.651761e+02
6.460000e-06	-7.405375e-09	-2.308894e-09	-4.054490e+01	-6.661588e+02
6.470000e-06	-7.467190e-09	-2.312363e-09	-4.088332e+01	-6.670791e+02
6.480000e-06	-7.528461e-09	-2.316523e-09	-4.121875e+01	-6.681886e+02
6.490000e-06	-7.589174e-09	-2.320781e-09	-4.155115e+01	-6.693217e+02
6.500000e-06	-7.649339e-09	-2.324259e-09	-4.188055e+01	-6.702628e+02
6.510000e-06	-7.708978e-09	-2.327416e-09	-4.220704e+01	-6.711590e+02
6.520000e-06	-7.768080e-09	-2.330416e-09	-4.253059e+01	-6.720229e+02
6.530000e-06	-7.826646e-09	-2.332962e-09	-4.285124e+01	-6.727439e+02
6.540000e-06	-7.884665e-09	-2.335386e-09	-4.316890e+01	-6.734120e+02
6.550000e-06	-7.942107e-09	-2.337825e-09	-4.348340e+01	-6.740531e+02
6.560000e-06	-7.998962e-09	-2.340375e-09	-4.379463e+01	-6.747270e+02
6.570000e-06	-8.055216e-09	-2.343209e-09	-4.410252e+01	-6.755155e+02
6.580000e-06	-8.110846e-09	-2.346342e-09	-4.440705e+01	-6.763852e+02
6.590000e-06	-8.165862e-09	-2.349361e-09	-4.470829e+01	-6.772105e+02
6.600000e-06	-8.220281e-09	-2.351772e-09	-4.500623e+01	-6.778928e+02
6.610000e-06	-8.274098e-09	-2.353835e-09	-4.530086e+01	-6.785071e+02
6.620000e-06	-8.327319e-09	-2.355884e-09	-4.559223e+01	-6.791374e+02
6.630000e-06	-8.379940e-09	-2.357880e-09	-4.588033e+01	-6.797349e+02
6.640000e-06	-8.431987e-09	-2.359859e-09	-4.616531e+01	-6.802604e+02
6.650000e-06	-8.483469e-09	-2.361781e-09	-4.644717e+01	-6.807504e+02
6.660000e-06	-8.534360e-09	-2.363890e-09	-4.672577e+01	-6.813316e+02
6.670000e-06	-8.584662e-09	-2.366187e-09	-4.700112e+01	-6.819925e+02
6.680000e-06	-8.634363e-09	-2.368206e-09	-4.727321e+01	-6.825852e+02
6.690000e-06	-8.683457e-09	-2.369804e-09	-4.754199e+01	-6.830627e+02
6.700000e-06	-8.731930e-09	-2.371152e-09	-4.780734e+01	-6.834867e+02
6.710000e-06	-8.779730e-09	-2.372622e-09	-4.806902e+01	-6.839558e+02
6.720000e-06	-8.826837e-09	-2.374325e-09	-4.832688e+01	-6.844673e+02
6.730000e-06	-8.873236e-09	-2.376273e-09	-4.858087e+01	-6.850033e+02
6.740000e-06	-8.918886e-09	-2.378147e-09	-4.883082e+01	-6.854978e+02
6.750000e-06	-8.963818e-09	-2.379643e-09	-4.907677e+01	-6.859129e+02
6.760000e-06	-9.008075e-09	-2.380875e-09	-4.931903e+01	-6.862885e+02
6.770000e-06	-9.051701e-09	-2.381880e-09	-4.955790e+01	-6.866301e+02
6.780000e-06	-9.094742e-09	-2.383080e-09	-4.979359e+01	-6.870196e+02
6.790000e-06	-9.137199e-09	-2.384656e-09	-5.002604e+01	-6.874740e+02
6.800000e-06	-9.179023e-09	-2.386238e-09	-5.025498e+01	-6.879219e+02
6.810000e-06	-9.220167e-09	-2.388115e-09	-5.048017e+01	-6.884541e+02
6.820000e-06	-9.260633e-09	-2.390189e-09	-5.070166e+01	-6.890230e+02
6.830000e-06	-9.300444e-09	-2.391600e-09	-5.091964e+01	-6.894126e+02
6.840000e-06	-9.339634e-09	-2.392222e-09	-5.113424e+01	-6.896170e+02
6.850000e-06	-9.378191e-09	-2.392967e-09	-5.134534e+01	-6.898705e+02
6.860000e-06	-9.416073e-09	-2.394000e-09	-5.155271e+01	-6.902156e+02
6.870000e-06	-9.453273e-09	-2.395108e-09	-5.175636e+01	-6.905777e+02
6.880000e-06	-9.489801e-09	-2.396509e-09	-5.195636e+01	-6.909734e+02
6.890000e-06	-9.525668e-09	-2.398017e-09	-5.215271e+01	-6.913827e+02
6.900000e-06	-9.560840e-09	-2.399567e-09	-5.234528e+01	-6.918173e+02
6.910000e-06	-9.595301e-09	-2.401032e-09	-5.253394e+01	-6.922388e+02
6.920000e-06	-9.629084e-09	-2.402380e-09	-5.271889e+01	-6.926374e+02
6.930000e-06	-9.662226e-09	-2.403169e-09	-5.290035e+01	-6.928914e+02
6.940000e-06	-9.694741e-09	-2.403296e-09	-5.307834e+01	-6.929704e+02
6.950000e-06	-9.726561e-09	-2.403685e-09	-5.325250e+01	-6.931094e+02
6.960000e-06	-9.757622e-09	-2.404770e-09	-5.342248e+01	-6.934216e+02
6.970000e-06	-9.787929e-09	-2.406371e-09	-5.358834e+01	-6.938717e+02
6.980000e-06	-9.817520e-09	-2.408084e-09	-5.375033e+01	-6.943562e+02
6.990000e-06	-9.846412e-09	-2.409498e-09	-5.390852e+01	-6.947586e+02
7.000000e-06	-9.874575e-09	-2.410358e-09	-5.406270e+01	-6.950144e+02
7.010000e-06	-9.901990e-09	-2.410943e-09	-5.421278e+01	-6.952134e+02
7.020000e-06	-9.928700e-09	-2.411456e-09	-5.435902e+01	-6.953923e+02
7.030000e-06	-9.954746e-09	-2.411712e-09	-5.450161e+01	-6.954921e+02
7.040000e-06	-9.980092e-09	-2.412085e-09	-5.464039e+01	-6.956247e+02
7.050000e-06	-1.000468e-08	-2.413035e-09	-5.477509e+01	-6.959043e+02
7.060000e-06	-1.002855e-08	-2.414288e-09	-5.490575e+01	-6.962815e+02
7.070000e-06	-1.005174e-08	-2.415583e-09	-5.503269e+01	-6.966767e+02
7.080000e-06	-1.007427e-08	-2.416661e-09	-5.515605e+01	-6.969768e+02
7.090000e-06	-1.009605e-08	-2.417216e-09	-5.527525e+01	-6.971325e+02
7.100000e-06	-1.011700e-08	-2.417638e-09	-5.538990e+01	-6.972725e+02
7.110000e-06	-1.013712e-08	-2.418183e-09	-5.550003e+01	-6.974400e+02
7.120000e-06	-1.015639e-08	-2.418656e-09	-5.560553e+01	-6.975849e+02
7.130000e-06	-1.017490e-08	-2.419248e-09	-5.570687e+01	-6.977626e+02
7.140000e-06	-1.019277e-08	-2.420130e-09	-5.580469e+01	-6.980270e+02
7.150000e-06	-1.021000e-08	-2.421038e-09	-5.589905e+01	-6.983162e+02
7.160000e-06	-1.022659e-08	-2.421750e-09	-5.598983e+01	-6.985408e+02
7.170000e-06	-1.024248e-08	-2.422143e-09	-5.607684e+01	-6.986580e+02
7.180000e-06	-1.025761e-08	-2.422452e-09	-5.615967e+01	-6.987516e+02
7.190000e-06	-1.027198e-08	-2.423004e-09	-5.623832e+01	-6.989146e+02
7.200000e-06	-1.028565e-08	-2.423743e-09	-5.631314e+01	-6.991356e+02
7.210000e-06	-1.029863e-08	-2.424463e-09	-5.638424e+01	-6.993722e+02
7.220000e-06	-1.031088e-08	-2.425132e-09	-5.645124e+01	-6.995884e+02
7.230000e-06	-1.032236e-08	-2.425758e-09	-5.651409e+01	-6.997683e+02
7.240000e-06	-1.033314e-08	-2.426392e-09	-5.657307e+01	-6.999524e+02
7.250000e-06	-1.034321e-08	-2.427301e-09	-5.662818e+01	-7.001993e+02
7.260000e-06	-1.035255e-08	-2.428140e-09	-5.667930e+01	-7.004081e+02
7.270000e-06	-1.036111e-08	-2.428474e-09	-5.672615e+01	-7.005050e+02
7.280000e-06	-1.036893e-08	-2.428904e-09	-5.676895e+01	-7.006497e+02
7.290000e-06	-1.037605e-08	-2.429668e-09	-5.680795e+01	-7.008868e+02
7.300000e-06	-1.038244e-08	-2.430335e-09	-5.684293e+01	-7.010981e+02
7.310000e-06	-1.038800e-08	-2.430852e-09	-5.687331e+01	-7.012493e+02
7.320000e-06	-1.039271e-08	-2.431169e-09	-5.689909e+01	-7.013309e+02
7.330000e-06	-1.039668e-08	-2.431376e-09	-5.692082e+01	-7.013728e+02
7.340000e-06	-1.039996e-08	-2.431603e-09	-5.693878e+01	-7.014293e+02
7.350000e-06	-1.040251e-08	-2.431935e-09	-5.695263e+01	-7.015436e+02
7.360000e-06	-1.040429e-08	-2.432748e-09	-5.696233e+01	-7.017902e+02
7.370000e-06	-1.040539e-08	-2.433333e-09	-5.696834e+01	-7.019710e+02
