# Configuracion:
# Concentracion g/m^3_=_11700.0
# C_Vs_to_Am_M_A/Vsm_=_254322799225.57578
# pendiente_HvsI_1/m_=_3716.3
# ordenada_HvsI_A/m_=_1297.0
# frecuencia_ref_Hz_=_135204.9351752156
# 
Resultados:
# tau_s_=_(6.74+/-0.30)e-07
# dphi_rad_=_6.80+/-0.02
# SAR_W/g_=_753.37+/-28.23
# Hc_kA/m_=_20.86+/-0.39
# Mr_A/m_=_605.22+/-13.66
# Suceptibilidad_a_M=0_=_0.2272+/-0.0102

Nombre_archivo	Time_m	Temperatura_(ºC)	Mr_(A/m)	Hc_(kA/m)	Campo_max_(A/m)	Mag_max_(A/m)	f0	mag0	dphi0	SAR_(W/g)	Tau_(s)	N	xi_M_0
135kHz_100dA_100Mss_FF1009.txt	14/05/2024 13:09:48	25.3	646.96	21.63	38460.00	732.36	1.351960e+05	6.618789e+00	6.840513e+00	828.70	7.336438e-07	4438	2.575e-01
135kHz_100dA_100Mss_FF1010.txt	14/05/2024 13:09:50	25.5	638.06	21.55	38460.00	729.31	1.351960e+05	6.576415e+00	6.835920e+00	817.32	7.261539e-07	4438	2.534e-01
135kHz_100dA_100Mss_FF1011.txt	14/05/2024 13:09:50	25.5	633.14	21.54	38460.00	740.49	1.351960e+05	6.603946e+00	6.827221e+00	809.14	7.120928e-07	4438	2.463e-01
135kHz_100dA_100Mss_FF1012.txt	14/05/2024 13:09:52	25.6	626.12	21.41	38460.00	723.73	1.351960e+05	6.491792e+00	6.828157e+00	796.63	7.135955e-07	4438	2.437e-01
135kHz_100dA_100Mss_FF1013.txt	14/05/2024 13:09:52	25.6	621.22	21.41	38460.00	724.49	1.351960e+05	6.458269e+00	6.825192e+00	788.64	7.088369e-07	4438	2.412e-01
135kHz_100dA_100Mss_FF1014.txt	14/05/2024 13:09:54	25.7	617.40	21.38	38460.00	717.51	1.352265e+05	6.406366e+00	6.826427e+00	784.08	7.108042e-07	4437	2.396e-01
135kHz_100dA_100Mss_FF1015.txt	14/05/2024 13:09:54	25.7	615.58	21.27	38460.00	712.52	1.352265e+05	6.374851e+00	6.824487e+00	777.71	7.076977e-07	4437	2.362e-01
135kHz_100dA_100Mss_FF1016.txt	14/05/2024 13:09:56	25.7	612.07	21.23	38460.00	705.59	1.352265e+05	6.337818e+00	6.823526e+00	771.96	7.061417e-07	4437	2.331e-01
135kHz_100dA_100Mss_FF1017.txt	14/05/2024 13:09:56	25.7	612.21	21.11	38460.00	712.52	1.352265e+05	6.383738e+00	6.815050e+00	766.54	6.926433e-07	4437	2.340e-01
135kHz_100dA_100Mss_FF1018.txt	14/05/2024 13:09:58	25.8	610.36	21.09	38460.00	719.31	1.351960e+05	6.433561e+00	6.809773e+00	765.41	6.843172e-07	4438	2.299e-01
135kHz_100dA_100Mss_FF1019.txt	14/05/2024 13:10:00	25.8	608.11	21.17	38460.00	705.28	1.351960e+05	6.313630e+00	6.821584e+00	766.35	7.030652e-07	4438	2.272e-01
135kHz_100dA_100Mss_FF1020.txt	14/05/2024 13:10:02	25.9	608.79	21.09	38460.00	708.44	1.351960e+05	6.344162e+00	6.815830e+00	762.62	6.939065e-07	4438	2.273e-01
135kHz_100dA_100Mss_FF1021.txt	14/05/2024 13:10:02	25.9	607.58	21.04	38460.00	706.97	1.351960e+05	6.344984e+00	6.815983e+00	762.92	6.941480e-07	4438	2.261e-01
135kHz_100dA_100Mss_FF1022.txt	14/05/2024 13:10:04	25.9	604.37	20.92	38460.00	728.97	1.351960e+05	6.387514e+00	6.806363e+00	755.47	6.789795e-07	4438	2.258e-01
135kHz_100dA_100Mss_FF1023.txt	14/05/2024 13:10:06	25.9	602.60	20.93	38460.00	702.93	1.351960e+05	6.286026e+00	6.811830e+00	750.50	6.875762e-07	4438	2.250e-01
135kHz_100dA_100Mss_FF1024.txt	14/05/2024 13:10:06	25.9	603.60	20.91	38460.00	709.36	1.351960e+05	6.337434e+00	6.807923e+00	751.57	6.814183e-07	4438	2.240e-01
135kHz_100dA_100Mss_FF1025.txt	14/05/2024 13:10:08	25.9	601.24	20.86	38460.00	713.70	1.351960e+05	6.341233e+00	6.804345e+00	747.37	6.758166e-07	4438	2.234e-01
135kHz_100dA_100Mss_FF1026.txt	14/05/2024 13:10:08	25.9	600.96	20.77	38460.00	717.08	1.351960e+05	6.376946e+00	6.799931e+00	745.79	6.689298e-07	4438	2.226e-01
135kHz_100dA_100Mss_FF1027.txt	14/05/2024 13:10:10	25.9	599.79	20.83	38460.00	723.78	1.351960e+05	6.366988e+00	6.801516e+00	746.70	6.713927e-07	4438	2.215e-01
135kHz_100dA_100Mss_FF1028.txt	14/05/2024 13:10:10	25.9	601.79	20.82	38460.00	721.89	1.351960e+05	6.416737e+00	6.799562e+00	749.96	6.683424e-07	4438	2.222e-01
135kHz_100dA_100Mss_FF1029.txt	14/05/2024 13:10:12	26.0	599.71	20.74	38460.00	718.40	1.351960e+05	6.398660e+00	6.795783e+00	742.86	6.624773e-07	4438	2.216e-01
135kHz_100dA_100Mss_FF1030.txt	14/05/2024 13:10:12	26.0	598.84	20.77	38460.00	721.31	1.351960e+05	6.360072e+00	6.800348e+00	744.36	6.695730e-07	4438	2.205e-01
135kHz_100dA_100Mss_FF1031.txt	14/05/2024 13:10:14	25.9	599.44	20.57	38460.00	723.66	1.351960e+05	6.416000e+00	6.790242e+00	737.53	6.539248e-07	4438	2.223e-01
135kHz_100dA_100Mss_FF1032.txt	14/05/2024 13:10:16	25.9	598.69	20.57	38460.00	724.01	1.351960e+05	6.420824e+00	6.788759e+00	736.11	6.516333e-07	4438	2.207e-01
135kHz_100dA_100Mss_FF1033.txt	14/05/2024 13:10:16	25.9	597.68	20.64	38460.00	711.71	1.351960e+05	6.358526e+00	6.794642e+00	736.71	6.607038e-07	4438	2.203e-01
135kHz_100dA_100Mss_FF1034.txt	14/05/2024 13:10:18	25.9	596.72	20.60	38460.00	718.79	1.351960e+05	6.364962e+00	6.793433e+00	735.86	6.588440e-07	4438	2.204e-01
135kHz_100dA_100Mss_FF1035.txt	14/05/2024 13:10:20	25.9	596.78	20.60	38460.00	719.13	1.351960e+05	6.379458e+00	6.791112e+00	734.48	6.552576e-07	4438	2.203e-01
135kHz_100dA_100Mss_FF1036.txt	14/05/2024 13:10:20	25.9	594.67	20.46	38460.00	724.35	1.351960e+05	6.406286e+00	6.782778e+00	726.50	6.424642e-07	4438	2.199e-01
135kHz_100dA_100Mss_FF1037.txt	14/05/2024 13:10:22	25.8	593.81	20.45	38460.00	716.02	1.351960e+05	6.352723e+00	6.786853e+00	725.80	6.487038e-07	4438	2.194e-01
135kHz_100dA_100Mss_FF1038.txt	14/05/2024 13:10:24	25.8	592.52	20.43	38460.00	725.61	1.351960e+05	6.411609e+00	6.782391e+00	726.59	6.418699e-07	4438	2.191e-01
135kHz_100dA_100Mss_FF1039.txt	14/05/2024 13:10:24	25.8	591.86	20.35	38460.00	723.91	1.351960e+05	6.404056e+00	6.780207e+00	722.82	6.385467e-07	4438	2.177e-01
135kHz_100dA_100Mss_FF1040.txt	14/05/2024 13:10:26	25.8	591.12	20.40	38460.00	728.74	1.351960e+05	6.435117e+00	6.777151e+00	722.23	6.338934e-07	4438	2.177e-01
135kHz_100dA_100Mss_FF1041.txt	14/05/2024 13:10:28	25.7	592.35	20.39	38460.00	719.33	1.351960e+05	6.395726e+00	6.781545e+00	723.66	6.405838e-07	4438	2.192e-01
135kHz_100dA_100Mss_FF1042.txt	14/05/2024 13:10:28	25.7	591.21	20.37	38460.00	740.12	1.351960e+05	6.465641e+00	6.774525e+00	722.12	6.299117e-07	4438	2.196e-01
135kHz_100dA_100Mss_FF1043.txt	14/05/2024 13:10:30	25.7	590.56	20.30	38460.00	740.93	1.351960e+05	6.485374e+00	6.772168e+00	721.13	6.263501e-07	4438	2.202e-01
135kHz_100dA_100Mss_FF1044.txt	14/05/2024 13:10:30	25.7	589.97	20.26	38460.00	738.02	1.351960e+05	6.488578e+00	6.769105e+00	717.33	6.217279e-07	4438	2.194e-01
