# Temperatura_=_24.571875
# Concentracion g/m^3_=_11700.0
# C_Vs_to_Am_M_A/Vsm_=_254322799225.57578
# pendiente_HvsI_1/m_=_3716.3
# ordenada_HvsI_A/m_=_1297.0
# frecuencia_Hz_=_135206.0254868264
# Promedio de 32 ciclos

Tiempo_(s)	Campo_(V.s)	Magnetizacion_(V.s)	Campo_(kA/m)	Magnetizacion_(A/m)
0.000000e+00	-6.879179e-09	-2.581582e-09	-3.842386e+01	-7.051679e+02
1.000000e-08	-6.879106e-09	-2.581936e-09	-3.842377e+01	-7.052658e+02
2.000000e-08	-6.878526e-09	-2.582006e-09	-3.842099e+01	-7.053008e+02
3.000000e-08	-6.877397e-09	-2.581782e-09	-3.841510e+01	-7.052449e+02
4.000000e-08	-6.875811e-09	-2.581606e-09	-3.840656e+01	-7.051824e+02
5.000000e-08	-6.873788e-09	-2.581796e-09	-3.839564e+01	-7.052085e+02
6.000000e-08	-6.871292e-09	-2.582522e-09	-3.838205e+01	-7.053523e+02
7.000000e-08	-6.868342e-09	-2.583863e-09	-3.836589e+01	-7.056579e+02
8.000000e-08	-6.864853e-09	-2.584447e-09	-3.834691e+01	-7.059794e+02
9.000000e-08	-6.860523e-09	-2.579179e-09	-3.832352e+01	-7.047243e+02
1.000000e-07	-6.855164e-09	-2.572820e-09	-3.829443e+01	-7.024392e+02
1.100000e-07	-6.849129e-09	-2.582549e-09	-3.826110e+01	-7.045440e+02
1.200000e-07	-6.842998e-09	-2.597863e-09	-3.822688e+01	-7.098092e+02
1.300000e-07	-6.836706e-09	-2.585940e-09	-3.819208e+01	-7.073773e+02
1.400000e-07	-6.829796e-09	-2.565576e-09	-3.815411e+01	-7.004590e+02
1.500000e-07	-6.822259e-09	-2.578966e-09	-3.811240e+01	-7.031488e+02
1.600000e-07	-6.814419e-09	-2.602127e-09	-3.806872e+01	-7.110128e+02
1.700000e-07	-6.806307e-09	-2.588410e-09	-3.802370e+01	-7.082572e+02
1.800000e-07	-6.797639e-09	-2.566340e-09	-3.797580e+01	-7.004323e+02
1.900000e-07	-6.788403e-09	-2.583768e-09	-3.792455e+01	-7.043039e+02
2.000000e-07	-6.778872e-09	-2.606504e-09	-3.787143e+01	-7.124713e+02
2.100000e-07	-6.769012e-09	-2.587885e-09	-3.781668e+01	-7.081435e+02
2.200000e-07	-6.758514e-09	-2.568420e-09	-3.775857e+01	-7.008212e+02
2.300000e-07	-6.747392e-09	-2.589347e-09	-3.769680e+01	-7.062529e+02
2.400000e-07	-6.735870e-09	-2.601209e-09	-3.763269e+01	-7.115567e+02
2.500000e-07	-6.723920e-09	-2.573309e-09	-3.756633e+01	-7.037729e+02
2.600000e-07	-6.711411e-09	-2.563934e-09	-3.749691e+01	-6.992236e+02
2.700000e-07	-6.698428e-09	-2.588329e-09	-3.742473e+01	-7.065372e+02
2.800000e-07	-6.684981e-09	-2.585229e-09	-3.735005e+01	-7.072227e+02
2.900000e-07	-6.670984e-09	-2.561487e-09	-3.727232e+01	-6.995358e+02
3.000000e-07	-6.656481e-09	-2.571979e-09	-3.719166e+01	-7.014803e+02
3.100000e-07	-6.641571e-09	-2.586849e-09	-3.710867e+01	-7.070739e+02
3.200000e-07	-6.626220e-09	-2.566030e-09	-3.702326e+01	-7.014229e+02
3.300000e-07	-6.610411e-09	-2.559817e-09	-3.693526e+01	-6.981004e+02
3.400000e-07	-6.594197e-09	-2.583634e-09	-3.684503e+01	-7.053810e+02
3.500000e-07	-6.577507e-09	-2.578729e-09	-3.675226e+01	-7.052838e+02
3.600000e-07	-6.560231e-09	-2.556848e-09	-3.665625e+01	-6.978155e+02
3.700000e-07	-6.542432e-09	-2.571756e-09	-3.655719e+01	-7.012674e+02
3.800000e-07	-6.524196e-09	-2.585170e-09	-3.645568e+01	-7.066982e+02
3.900000e-07	-6.505451e-09	-2.561352e-09	-3.635141e+01	-6.999906e+02
4.000000e-07	-6.486132e-09	-2.555301e-09	-3.624395e+01	-6.967056e+02
4.100000e-07	-6.466257e-09	-2.577222e-09	-3.613339e+01	-7.035399e+02
4.200000e-07	-6.445830e-09	-2.571486e-09	-3.601977e+01	-7.030367e+02
4.300000e-07	-6.424853e-09	-2.555271e-09	-3.590300e+01	-6.973854e+02
4.400000e-07	-6.403419e-09	-2.568670e-09	-3.578359e+01	-7.007497e+02
4.500000e-07	-6.381571e-09	-2.574706e-09	-3.566186e+01	-7.034295e+02
4.600000e-07	-6.359295e-09	-2.559458e-09	-3.553776e+01	-6.987624e+02
4.700000e-07	-6.336588e-09	-2.563474e-09	-3.541126e+01	-6.992001e+02
4.800000e-07	-6.313421e-09	-2.573979e-09	-3.528223e+01	-7.029326e+02
4.900000e-07	-6.289763e-09	-2.562108e-09	-3.515046e+01	-6.997299e+02
5.000000e-07	-6.265655e-09	-2.558616e-09	-3.501613e+01	-6.979609e+02
5.100000e-07	-6.241124e-09	-2.570453e-09	-3.487943e+01	-7.016006e+02
5.200000e-07	-6.216156e-09	-2.565186e-09	-3.474031e+01	-7.006006e+02
5.300000e-07	-6.190766e-09	-2.556112e-09	-3.459881e+01	-6.974686e+02
5.400000e-07	-6.164933e-09	-2.564060e-09	-3.445489e+01	-6.995634e+02
5.500000e-07	-6.138553e-09	-2.565276e-09	-3.430799e+01	-7.003403e+02
5.600000e-07	-6.111650e-09	-2.557837e-09	-3.415805e+01	-6.980297e+02
5.700000e-07	-6.084351e-09	-2.561886e-09	-3.400582e+01	-6.989706e+02
5.800000e-07	-6.056691e-09	-2.564479e-09	-3.385162e+01	-7.000191e+02
5.900000e-07	-6.028632e-09	-2.557102e-09	-3.369522e+01	-6.979042e+02
6.000000e-07	-6.000179e-09	-2.556920e-09	-3.353659e+01	-6.976114e+02
6.100000e-07	-5.971318e-09	-2.559988e-09	-3.337572e+01	-6.985704e+02
6.200000e-07	-5.941954e-09	-2.555967e-09	-3.321210e+01	-6.974387e+02
6.300000e-07	-5.912060e-09	-2.555541e-09	-3.304550e+01	-6.971862e+02
6.400000e-07	-5.881682e-09	-2.559284e-09	-3.287617e+01	-6.982514e+02
6.500000e-07	-5.850837e-09	-2.557422e-09	-3.270426e+01	-6.977214e+02
6.600000e-07	-5.819496e-09	-2.555141e-09	-3.252959e+01	-6.970594e+02
6.700000e-07	-5.787631e-09	-2.555856e-09	-3.235201e+01	-6.973138e+02
6.800000e-07	-5.755282e-09	-2.553573e-09	-3.217166e+01	-6.966297e+02
6.900000e-07	-5.722530e-09	-2.550547e-09	-3.198899e+01	-6.957676e+02
7.000000e-07	-5.689417e-09	-2.550177e-09	-3.180429e+01	-6.957016e+02
7.100000e-07	-5.655973e-09	-2.549490e-09	-3.161771e+01	-6.954203e+02
7.200000e-07	-5.622222e-09	-2.548858e-09	-3.142940e+01	-6.951981e+02
7.300000e-07	-5.588149e-09	-2.549281e-09	-3.123936e+01	-6.954189e+02
7.400000e-07	-5.553714e-09	-2.547916e-09	-3.104733e+01	-6.949858e+02
7.500000e-07	-5.518911e-09	-2.545764e-09	-3.085322e+01	-6.942778e+02
7.600000e-07	-5.483749e-09	-2.544883e-09	-3.065714e+01	-6.940814e+02
7.700000e-07	-5.448169e-09	-2.543492e-09	-3.045878e+01	-6.937308e+02
7.800000e-07	-5.412119e-09	-2.541218e-09	-3.025780e+01	-6.930564e+02
7.900000e-07	-5.375642e-09	-2.540187e-09	-3.005434e+01	-6.927489e+02
8.000000e-07	-5.338793e-09	-2.539896e-09	-2.984876e+01	-6.926171e+02
8.100000e-07	-5.301570e-09	-2.539079e-09	-2.964114e+01	-6.923577e+02
8.200000e-07	-5.263966e-09	-2.537856e-09	-2.943138e+01	-6.920471e+02
8.300000e-07	-5.226000e-09	-2.536205e-09	-2.921958e+01	-6.915976e+02
8.400000e-07	-5.187689e-09	-2.533787e-09	-2.900587e+01	-6.909217e+02
8.500000e-07	-5.149002e-09	-2.531738e-09	-2.879010e+01	-6.903405e+02
8.600000e-07	-5.109897e-09	-2.530602e-09	-2.857203e+01	-6.899941e+02
8.700000e-07	-5.070392e-09	-2.529445e-09	-2.835165e+01	-6.896654e+02
8.800000e-07	-5.030554e-09	-2.527948e-09	-2.812934e+01	-6.892316e+02
8.900000e-07	-4.990403e-09	-2.526712e-09	-2.790534e+01	-6.888124e+02
9.000000e-07	-4.949898e-09	-2.525434e-09	-2.767940e+01	-6.884199e+02
9.100000e-07	-4.909021e-09	-2.523683e-09	-2.745134e+01	-6.879570e+02
9.200000e-07	-4.867810e-09	-2.522021e-09	-2.722139e+01	-6.875083e+02
9.300000e-07	-4.826291e-09	-2.520670e-09	-2.698972e+01	-6.871260e+02
9.400000e-07	-4.784416e-09	-2.519374e-09	-2.675613e+01	-6.867514e+02
9.500000e-07	-4.742123e-09	-2.518312e-09	-2.652025e+01	-6.864039e+02
9.600000e-07	-4.699421e-09	-2.517296e-09	-2.628203e+01	-6.860640e+02
9.700000e-07	-4.656368e-09	-2.515652e-09	-2.604178e+01	-6.855816e+02
9.800000e-07	-4.613015e-09	-2.513570e-09	-2.579985e+01	-6.850022e+02
9.900000e-07	-4.569373e-09	-2.511579e-09	-2.555631e+01	-6.844406e+02
1.000000e-06	-4.525427e-09	-2.509752e-09	-2.531105e+01	-6.839444e+02
1.010000e-06	-4.481190e-09	-2.507711e-09	-2.506415e+01	-6.834071e+02
1.020000e-06	-4.436697e-09	-2.505407e-09	-2.481579e+01	-6.827819e+02
1.030000e-06	-4.391928e-09	-2.503288e-09	-2.456595e+01	-6.821548e+02
1.040000e-06	-4.346800e-09	-2.501869e-09	-2.431421e+01	-6.816717e+02
1.050000e-06	-4.301248e-09	-2.500720e-09	-2.406013e+01	-6.812807e+02
1.060000e-06	-4.255279e-09	-2.499366e-09	-2.380367e+01	-6.808795e+02
1.070000e-06	-4.208939e-09	-2.497696e-09	-2.354510e+01	-6.804247e+02
1.080000e-06	-4.162282e-09	-2.495753e-09	-2.328474e+01	-6.799142e+02
1.090000e-06	-4.115324e-09	-2.493633e-09	-2.302272e+01	-6.793386e+02
1.100000e-06	-4.068076e-09	-2.491559e-09	-2.275906e+01	-6.787507e+02
1.110000e-06	-4.020567e-09	-2.489718e-09	-2.249391e+01	-6.782080e+02
1.120000e-06	-3.972815e-09	-2.488105e-09	-2.222739e+01	-6.777167e+02
1.130000e-06	-3.924812e-09	-2.486555e-09	-2.195946e+01	-6.772360e+02
1.140000e-06	-3.876518e-09	-2.485145e-09	-2.168996e+01	-6.767928e+02
1.150000e-06	-3.827909e-09	-2.483645e-09	-2.141869e+01	-6.763536e+02
1.160000e-06	-3.779000e-09	-2.481555e-09	-2.114570e+01	-6.757870e+02
1.170000e-06	-3.729815e-09	-2.479065e-09	-2.087115e+01	-6.751015e+02
1.180000e-06	-3.680369e-09	-2.476603e-09	-2.059513e+01	-6.744000e+02
1.190000e-06	-3.630670e-09	-2.474491e-09	-2.031770e+01	-6.737739e+02
1.200000e-06	-3.580714e-09	-2.472738e-09	-2.003885e+01	-6.732332e+02
1.210000e-06	-3.530490e-09	-2.470952e-09	-1.975852e+01	-6.727138e+02
1.220000e-06	-3.480021e-09	-2.468956e-09	-1.947679e+01	-6.721511e+02
1.230000e-06	-3.429345e-09	-2.466860e-09	-1.919387e+01	-6.715311e+02
1.240000e-06	-3.378455e-09	-2.464769e-09	-1.890978e+01	-6.708994e+02
1.250000e-06	-3.327323e-09	-2.462607e-09	-1.862439e+01	-6.702650e+02
1.260000e-06	-3.275951e-09	-2.460348e-09	-1.833767e+01	-6.696039e+02
1.270000e-06	-3.224347e-09	-2.458140e-09	-1.804963e+01	-6.689707e+02
1.280000e-06	-3.172486e-09	-2.455897e-09	-1.776017e+01	-6.683430e+02
1.290000e-06	-3.120372e-09	-2.453452e-09	-1.746929e+01	-6.676673e+02
1.300000e-06	-3.068031e-09	-2.450790e-09	-1.717709e+01	-6.669238e+02
1.310000e-06	-3.015477e-09	-2.447976e-09	-1.688370e+01	-6.661290e+02
1.320000e-06	-2.962725e-09	-2.445040e-09	-1.658921e+01	-6.652862e+02
1.330000e-06	-2.909777e-09	-2.442471e-09	-1.629363e+01	-6.645090e+02
1.340000e-06	-2.856625e-09	-2.440422e-09	-1.599691e+01	-6.638794e+02
1.350000e-06	-2.803255e-09	-2.438057e-09	-1.569897e+01	-6.632272e+02
1.360000e-06	-2.749679e-09	-2.435067e-09	-1.539986e+01	-6.624170e+02
1.370000e-06	-2.695922e-09	-2.432050e-09	-1.509974e+01	-6.615797e+02
1.380000e-06	-2.641990e-09	-2.429288e-09	-1.479864e+01	-6.608103e+02
1.390000e-06	-2.587896e-09	-2.426849e-09	-1.449661e+01	-6.600922e+02
1.400000e-06	-2.533636e-09	-2.424664e-09	-1.419366e+01	-6.594358e+02
1.410000e-06	-2.479194e-09	-2.422368e-09	-1.388971e+01	-6.587900e+02
1.420000e-06	-2.424563e-09	-2.419447e-09	-1.358473e+01	-6.579736e+02
1.430000e-06	-2.369743e-09	-2.415807e-09	-1.327870e+01	-6.569457e+02
1.440000e-06	-2.314735e-09	-2.411765e-09	-1.297160e+01	-6.558329e+02
1.450000e-06	-2.259529e-09	-2.407925e-09	-1.266341e+01	-6.547670e+02
1.460000e-06	-2.204127e-09	-2.404955e-09	-1.235411e+01	-6.539011e+02
1.470000e-06	-2.148531e-09	-2.402568e-09	-1.204373e+01	-6.532040e+02
1.480000e-06	-2.092741e-09	-2.400158e-09	-1.173229e+01	-6.525138e+02
1.490000e-06	-2.036775e-09	-2.397483e-09	-1.141984e+01	-6.517536e+02
1.500000e-06	-1.980649e-09	-2.394145e-09	-1.110647e+01	-6.508421e+02
1.510000e-06	-1.924372e-09	-2.389849e-09	-1.079225e+01	-6.496904e+02
1.520000e-06	-1.867956e-09	-2.385132e-09	-1.047726e+01	-6.484020e+02
1.530000e-06	-1.811400e-09	-2.381047e-09	-1.016153e+01	-6.472166e+02
1.540000e-06	-1.754696e-09	-2.378085e-09	-9.844979e+00	-6.463219e+02
1.550000e-06	-1.697852e-09	-2.375728e-09	-9.527620e+00	-6.456422e+02
1.560000e-06	-1.640887e-09	-2.373419e-09	-9.209540e+00	-6.449836e+02
1.570000e-06	-1.583792e-09	-2.370786e-09	-8.890740e+00	-6.442295e+02
1.580000e-06	-1.526557e-09	-2.367324e-09	-8.571181e+00	-6.432769e+02
1.590000e-06	-1.469193e-09	-2.363035e-09	-8.250917e+00	-6.421089e+02
1.600000e-06	-1.411712e-09	-2.358517e-09	-7.929973e+00	-6.408537e+02
1.610000e-06	-1.354122e-09	-2.354354e-09	-7.608382e+00	-6.396701e+02
1.620000e-06	-1.296423e-09	-2.350670e-09	-7.286177e+00	-6.386109e+02
1.630000e-06	-1.238607e-09	-2.347384e-09	-6.963324e+00	-6.376560e+02
1.640000e-06	-1.180685e-09	-2.344591e-09	-6.639865e+00	-6.368271e+02
1.650000e-06	-1.122681e-09	-2.341863e-09	-6.315961e+00	-6.360466e+02
1.660000e-06	-1.064608e-09	-2.338372e-09	-5.991674e+00	-6.351065e+02
1.670000e-06	-1.006470e-09	-2.333950e-09	-5.667021e+00	-6.339065e+02
1.680000e-06	-9.482831e-10	-2.329295e-09	-5.342067e+00	-6.326041e+02
1.690000e-06	-8.900523e-10	-2.325111e-09	-5.016820e+00	-6.314180e+02
1.700000e-06	-8.317679e-10	-2.321490e-09	-4.691287e+00	-6.303897e+02
1.710000e-06	-7.734289e-10	-2.318115e-09	-4.365469e+00	-6.294272e+02
1.720000e-06	-7.150441e-10	-2.314668e-09	-4.039393e+00	-6.284452e+02
1.730000e-06	-6.566139e-10	-2.311128e-09	-3.713069e+00	-6.274394e+02
1.740000e-06	-5.981398e-10	-2.307571e-09	-3.386490e+00	-6.264283e+02
1.750000e-06	-5.396281e-10	-2.303785e-09	-3.059690e+00	-6.253625e+02
1.760000e-06	-4.810830e-10	-2.299580e-09	-2.732698e+00	-6.241757e+02
1.770000e-06	-4.225070e-10	-2.295196e-09	-2.405533e+00	-6.229233e+02
1.780000e-06	-3.638989e-10	-2.290997e-09	-2.078197e+00	-6.217220e+02
1.790000e-06	-3.052692e-10	-2.286888e-09	-1.750745e+00	-6.205763e+02
1.800000e-06	-2.466319e-10	-2.282561e-09	-1.423238e+00	-6.193929e+02
1.810000e-06	-1.879930e-10	-2.278115e-09	-1.095698e+00	-6.181522e+02
1.820000e-06	-1.293565e-10	-2.273715e-09	-7.681636e-01	-6.168900e+02
1.830000e-06	-7.072367e-11	-2.269398e-09	-4.406599e-01	-6.156464e+02
1.840000e-06	-1.209629e-11	-2.265234e-09	-1.132025e-01	-6.144472e+02
1.850000e-06	4.652723e-11	-2.261018e-09	2.142438e-01	-6.132352e+02
1.860000e-06	1.051524e-10	-2.256512e-09	5.417127e-01	-6.119604e+02
1.870000e-06	1.637773e-10	-2.251994e-09	8.691785e-01	-6.106811e+02
1.880000e-06	2.223998e-10	-2.247396e-09	1.196628e+00	-6.094019e+02
1.890000e-06	2.810171e-10	-2.242407e-09	1.524041e+00	-6.080397e+02
1.900000e-06	3.396214e-10	-2.237243e-09	1.851386e+00	-6.065990e+02
1.910000e-06	3.982038e-10	-2.231975e-09	2.178605e+00	-6.051074e+02
1.920000e-06	4.567626e-10	-2.226581e-09	2.505688e+00	-6.035684e+02
1.930000e-06	5.152926e-10	-2.221277e-09	2.832618e+00	-6.020480e+02
1.940000e-06	5.737824e-10	-2.215985e-09	3.159327e+00	-6.005563e+02
1.950000e-06	6.322288e-10	-2.210282e-09	3.485815e+00	-5.989970e+02
1.960000e-06	6.906222e-10	-2.204149e-09	3.812027e+00	-5.973262e+02
1.970000e-06	7.489526e-10	-2.198031e-09	4.137883e+00	-5.956187e+02
1.980000e-06	8.072282e-10	-2.192258e-09	4.463407e+00	-5.939833e+02
1.990000e-06	8.654524e-10	-2.186686e-09	4.788651e+00	-5.923971e+02
2.000000e-06	9.236152e-10	-2.181012e-09	5.113576e+00	-5.907649e+02
2.010000e-06	9.817233e-10	-2.175096e-09	5.438171e+00	-5.890629e+02
2.020000e-06	1.039769e-09	-2.168949e-09	5.762438e+00	-5.873130e+02
2.030000e-06	1.097735e-09	-2.162721e-09	6.086289e+00	-5.855645e+02
2.040000e-06	1.155625e-09	-2.156366e-09	6.409691e+00	-5.838033e+02
2.050000e-06	1.213427e-09	-2.149787e-09	6.732597e+00	-5.819600e+02
2.060000e-06	1.271129e-09	-2.143020e-09	7.054943e+00	-5.800465e+02
2.070000e-06	1.328726e-09	-2.136098e-09	7.376715e+00	-5.780893e+02
2.080000e-06	1.386210e-09	-2.128944e-09	7.697876e+00	-5.760626e+02
2.090000e-06	1.443569e-09	-2.121669e-09	8.018359e+00	-5.739981e+02
2.100000e-06	1.500794e-09	-2.114474e-09	8.338096e+00	-5.719518e+02
2.110000e-06	1.557888e-09	-2.107009e-09	8.657121e+00	-5.698441e+02
2.120000e-06	1.614852e-09	-2.098922e-09	8.975431e+00	-5.675829e+02
2.130000e-06	1.671683e-09	-2.090657e-09	9.292972e+00	-5.652521e+02
2.140000e-06	1.728383e-09	-2.082652e-09	9.609742e+00	-5.629657e+02
2.150000e-06	1.784950e-09	-2.074638e-09	9.925761e+00	-5.606751e+02
2.160000e-06	1.841389e-09	-2.066349e-09	1.024108e+01	-5.583067e+02
2.170000e-06	1.897711e-09	-2.057876e-09	1.055575e+01	-5.558910e+02
2.180000e-06	1.953911e-09	-2.049018e-09	1.086975e+01	-5.533868e+02
2.190000e-06	2.009971e-09	-2.039694e-09	1.118300e+01	-5.507372e+02
2.200000e-06	2.065874e-09	-2.030434e-09	1.149540e+01	-5.480697e+02
2.210000e-06	2.121606e-09	-2.021009e-09	1.180683e+01	-5.453707e+02
2.220000e-06	2.177149e-09	-2.010927e-09	1.211720e+01	-5.424865e+02
2.230000e-06	2.232490e-09	-2.000720e-09	1.242645e+01	-5.395170e+02
2.240000e-06	2.287625e-09	-1.990404e-09	1.273454e+01	-5.365143e+02
2.250000e-06	2.342558e-09	-1.978944e-09	1.304152e+01	-5.332209e+02
2.260000e-06	2.397289e-09	-1.966311e-09	1.334739e+01	-5.295832e+02
2.270000e-06	2.451826e-09	-1.953255e-09	1.365218e+01	-5.258145e+02
2.280000e-06	2.506177e-09	-1.939865e-09	1.395593e+01	-5.219524e+02
2.290000e-06	2.560348e-09	-1.926017e-09	1.425868e+01	-5.179371e+02
2.300000e-06	2.614352e-09	-1.911857e-09	1.456047e+01	-5.137776e+02
2.310000e-06	2.668196e-09	-1.896960e-09	1.486137e+01	-5.093919e+02
2.320000e-06	2.721866e-09	-1.880494e-09	1.516132e+01	-5.045866e+02
2.330000e-06	2.775341e-09	-1.862664e-09	1.546020e+01	-4.993658e+02
2.340000e-06	2.828616e-09	-1.843790e-09	1.575795e+01	-4.938080e+02
2.350000e-06	2.881704e-09	-1.823544e-09	1.605463e+01	-4.878129e+02
2.360000e-06	2.934607e-09	-1.801362e-09	1.635028e+01	-4.811926e+02
2.370000e-06	2.987312e-09	-1.776713e-09	1.664483e+01	-4.737789e+02
2.380000e-06	3.039799e-09	-1.749328e-09	1.693820e+01	-4.654638e+02
2.390000e-06	3.092057e-09	-1.718627e-09	1.723029e+01	-4.560548e+02
2.400000e-06	3.144069e-09	-1.683656e-09	1.752099e+01	-4.452421e+02
2.410000e-06	3.195830e-09	-1.643471e-09	1.781029e+01	-4.326955e+02
2.420000e-06	3.247341e-09	-1.596706e-09	1.809823e+01	-4.179673e+02
2.430000e-06	3.298607e-09	-1.541546e-09	1.838479e+01	-4.004678e+02
2.440000e-06	3.349638e-09	-1.476097e-09	1.867001e+01	-3.795306e+02
2.450000e-06	3.400448e-09	-1.398139e-09	1.895398e+01	-3.544366e+02
2.460000e-06	3.451052e-09	-1.305083e-09	1.923681e+01	-3.244569e+02
2.470000e-06	3.501437e-09	-1.194230e-09	1.951843e+01	-2.889203e+02
2.480000e-06	3.551582e-09	-1.063069e-09	1.979872e+01	-2.473156e+02
2.490000e-06	3.601493e-09	-9.103870e-10	2.007770e+01	-1.995892e+02
2.500000e-06	3.651185e-09	-7.368291e-10	2.035545e+01	-1.464002e+02
2.510000e-06	3.700648e-09	-5.446619e-10	2.063196e+01	-8.899904e+01
2.520000e-06	3.749851e-09	-3.376919e-10	2.090703e+01	-2.906163e+01
2.530000e-06	3.798767e-09	-1.211206e-10	2.118051e+01	3.148422e+01
2.540000e-06	3.847365e-09	9.863029e-11	2.145221e+01	9.068275e+01
2.550000e-06	3.895632e-09	3.146981e-10	2.172208e+01	1.467971e+02
2.560000e-06	3.943601e-09	5.209646e-10	2.199025e+01	1.985468e+02
2.570000e-06	3.991302e-09	7.128142e-10	2.225688e+01	2.452445e+02
2.580000e-06	4.038753e-09	8.870525e-10	2.252210e+01	2.867165e+02
2.590000e-06	4.085945e-09	1.042139e-09	2.278589e+01	3.231867e+02
2.600000e-06	4.132854e-09	1.178352e-09	2.304813e+01	3.551442e+02
2.610000e-06	4.179464e-09	1.297058e-09	2.330872e+01	3.831407e+02
2.620000e-06	4.225750e-09	1.400764e-09	2.356751e+01	4.078571e+02
2.630000e-06	4.271666e-09	1.492429e-09	2.382424e+01	4.300399e+02
2.640000e-06	4.317177e-09	1.574160e-09	2.407873e+01	4.501599e+02
2.650000e-06	4.362293e-09	1.647444e-09	2.433102e+01	4.684514e+02
2.660000e-06	4.407063e-09	1.713307e-09	2.458135e+01	4.850599e+02
2.670000e-06	4.451530e-09	1.772580e-09	2.482994e+01	5.000862e+02
2.680000e-06	4.495716e-09	1.826381e-09	2.507698e+01	5.137451e+02
2.690000e-06	4.539617e-09	1.875607e-09	2.532246e+01	5.262633e+02
2.700000e-06	4.583225e-09	1.920930e-09	2.556626e+01	5.377824e+02
2.710000e-06	4.626559e-09	1.963100e-09	2.580851e+01	5.484707e+02
2.720000e-06	4.669624e-09	2.002738e-09	2.604928e+01	5.585035e+02
2.730000e-06	4.712380e-09	2.040083e-09	2.628833e+01	5.679603e+02
2.740000e-06	4.754753e-09	2.074688e-09	2.652530e+01	5.767197e+02
2.750000e-06	4.796708e-09	2.106005e-09	2.675997e+01	5.846248e+02
2.760000e-06	4.838268e-09	2.134304e-09	2.699240e+01	5.917477e+02
2.770000e-06	4.879479e-09	2.160505e-09	2.722282e+01	5.983206e+02
2.780000e-06	4.920353e-09	2.185100e-09	2.745136e+01	6.044878e+02
2.790000e-06	4.960875e-09	2.208331e-09	2.767798e+01	6.103318e+02
2.800000e-06	5.001069e-09	2.230437e-09	2.790276e+01	6.159123e+02
2.810000e-06	5.040945e-09	2.251184e-09	2.812574e+01	6.211386e+02
2.820000e-06	5.080466e-09	2.270321e-09	2.834676e+01	6.259401e+02
2.830000e-06	5.119573e-09	2.287821e-09	2.856548e+01	6.303322e+02
2.840000e-06	5.158247e-09	2.303728e-09	2.878181e+01	6.343035e+02
2.850000e-06	5.196518e-09	2.318340e-09	2.899588e+01	6.379191e+02
2.860000e-06	5.234426e-09	2.332030e-09	2.920791e+01	6.413110e+02
2.870000e-06	5.271992e-09	2.344984e-09	2.941803e+01	6.445273e+02
2.880000e-06	5.309213e-09	2.357314e-09	2.962620e+01	6.475702e+02
2.890000e-06	5.346110e-09	2.368705e-09	2.983253e+01	6.503992e+02
2.900000e-06	5.382686e-09	2.378764e-09	3.003705e+01	6.529255e+02
2.910000e-06	5.418861e-09	2.387853e-09	3.023941e+01	6.551976e+02
2.920000e-06	5.454558e-09	2.396542e-09	3.043916e+01	6.573552e+02
2.930000e-06	5.489798e-09	2.404870e-09	3.063632e+01	6.594421e+02
2.940000e-06	5.524654e-09	2.412916e-09	3.083126e+01	6.614803e+02
2.950000e-06	5.559152e-09	2.420698e-09	3.102423e+01	6.634563e+02
2.960000e-06	5.593282e-09	2.427800e-09	3.121516e+01	6.652750e+02
2.970000e-06	5.627065e-09	2.434262e-09	3.140411e+01	6.669357e+02
2.980000e-06	5.660533e-09	2.440301e-09	3.159128e+01	6.684766e+02
2.990000e-06	5.693659e-09	2.446051e-09	3.177655e+01	6.699292e+02
3.000000e-06	5.726383e-09	2.451937e-09	3.195964e+01	6.714127e+02
3.010000e-06	5.758682e-09	2.458115e-09	3.214036e+01	6.729826e+02
3.020000e-06	5.790552e-09	2.464125e-09	3.231867e+01	6.745232e+02
3.030000e-06	5.821979e-09	2.469550e-09	3.249453e+01	6.759139e+02
3.040000e-06	5.852972e-09	2.474397e-09	3.266795e+01	6.771584e+02
3.050000e-06	5.883553e-09	2.478817e-09	3.283907e+01	6.782989e+02
3.060000e-06	5.913704e-09	2.483020e-09	3.300782e+01	6.793802e+02
3.070000e-06	5.943354e-09	2.486901e-09	3.317383e+01	6.803966e+02
3.080000e-06	5.972474e-09	2.490549e-09	3.333688e+01	6.813365e+02
3.090000e-06	6.001144e-09	2.494443e-09	3.349736e+01	6.823028e+02
3.100000e-06	6.029419e-09	2.498252e-09	3.365562e+01	6.832835e+02
3.110000e-06	6.057290e-09	2.501462e-09	3.381161e+01	6.841311e+02
3.120000e-06	6.084764e-09	2.504239e-09	3.396535e+01	6.848443e+02
3.130000e-06	6.111870e-09	2.506622e-09	3.411703e+01	6.854736e+02
3.140000e-06	6.138561e-09	2.508923e-09	3.426647e+01	6.860805e+02
3.150000e-06	6.164742e-09	2.511634e-09	3.441311e+01	6.867730e+02
3.160000e-06	6.190425e-09	2.514565e-09	3.455695e+01	6.875409e+02
3.170000e-06	6.215682e-09	2.517685e-09	3.469838e+01	6.883613e+02
3.180000e-06	6.240535e-09	2.520837e-09	3.483753e+01	6.891871e+02
3.190000e-06	6.264980e-09	2.523472e-09	3.497440e+01	6.898913e+02
3.200000e-06	6.289042e-09	2.525674e-09	3.510910e+01	6.904810e+02
3.210000e-06	6.312724e-09	2.527532e-09	3.524167e+01	6.910009e+02
3.220000e-06	6.335922e-09	2.528844e-09	3.537163e+01	6.913909e+02
3.230000e-06	6.358575e-09	2.530044e-09	3.549858e+01	6.917112e+02
3.240000e-06	6.380760e-09	2.531746e-09	3.562284e+01	6.921351e+02
3.250000e-06	6.402533e-09	2.534076e-09	3.574477e+01	6.927234e+02
3.260000e-06	6.423878e-09	2.536448e-09	3.586433e+01	6.933483e+02
3.270000e-06	6.444743e-09	2.538210e-09	3.598124e+01	6.938247e+02
3.280000e-06	6.465042e-09	2.539719e-09	3.609508e+01	6.942170e+02
3.290000e-06	6.484734e-09	2.541474e-09	3.620554e+01	6.946889e+02
3.300000e-06	6.503882e-09	2.543156e-09	3.631290e+01	6.951716e+02
3.310000e-06	6.522563e-09	2.544559e-09	3.641759e+01	6.955800e+02
3.320000e-06	6.540800e-09	2.545990e-09	3.651979e+01	6.959698e+02
3.330000e-06	6.558614e-09	2.547556e-09	3.661960e+01	6.963648e+02
3.340000e-06	6.576026e-09	2.549368e-09	3.671718e+01	6.967975e+02
3.350000e-06	6.592968e-09	2.551247e-09	3.681219e+01	6.972664e+02
3.360000e-06	6.609361e-09	2.552581e-09	3.690414e+01	6.976555e+02
3.370000e-06	6.625258e-09	2.553549e-09	3.699329e+01	6.979551e+02
3.380000e-06	6.640726e-09	2.554612e-09	3.708001e+01	6.982526e+02
3.390000e-06	6.655760e-09	2.555700e-09	3.716434e+01	6.985732e+02
3.400000e-06	6.670366e-09	2.556756e-09	3.724629e+01	6.988973e+02
3.410000e-06	6.684563e-09	2.557671e-09	3.732597e+01	6.991578e+02
3.420000e-06	6.698272e-09	2.558314e-09	3.740297e+01	6.993221e+02
3.430000e-06	6.711427e-09	2.559029e-09	3.747686e+01	6.994725e+02
3.440000e-06	6.724079e-09	2.560218e-09	3.754789e+01	6.997416e+02
3.450000e-06	6.736280e-09	2.561556e-09	3.761640e+01	7.001179e+02
3.460000e-06	6.748034e-09	2.562732e-09	3.768242e+01	7.004808e+02
3.470000e-06	6.759362e-09	2.563969e-09	3.774605e+01	7.008328e+02
3.480000e-06	6.770262e-09	2.565323e-09	3.780730e+01	7.011978e+02
3.490000e-06	6.780644e-09	2.566553e-09	3.786570e+01	7.015223e+02
3.500000e-06	6.790464e-09	2.567389e-09	3.792094e+01	7.017454e+02
3.510000e-06	6.799784e-09	2.567581e-09	3.797333e+01	7.018108e+02
3.520000e-06	6.808643e-09	2.567445e-09	3.802315e+01	7.017707e+02
3.530000e-06	6.817058e-09	2.567693e-09	3.807048e+01	7.018094e+02
3.540000e-06	6.825070e-09	2.568449e-09	3.811554e+01	7.020049e+02
3.550000e-06	6.832685e-09	2.569376e-09	3.815845e+01	7.022715e+02
3.560000e-06	6.839829e-09	2.570191e-09	3.819880e+01	7.025081e+02
3.570000e-06	6.846461e-09	2.570861e-09	3.823627e+01	7.026997e+02
3.580000e-06	6.852566e-09	2.571460e-09	3.827077e+01	7.028720e+02
3.590000e-06	6.858136e-09	2.571940e-09	3.830226e+01	7.030123e+02
3.600000e-06	6.863195e-09	2.572376e-09	3.833089e+01	7.031310e+02
3.610000e-06	6.867736e-09	2.572885e-09	3.835666e+01	7.032496e+02
3.620000e-06	6.871677e-09	2.573380e-09	3.837911e+01	7.033571e+02
3.630000e-06	6.875035e-09	2.574043e-09	3.839824e+01	7.035150e+02
3.640000e-06	6.877923e-09	2.574982e-09	3.841472e+01	7.037670e+02
3.650000e-06	6.880363e-09	2.575512e-09	3.842871e+01	7.039417e+02
3.660000e-06	6.882344e-09	2.575352e-09	3.844013e+01	7.039288e+02
3.670000e-06	6.883906e-09	2.575097e-09	3.844919e+01	7.038566e+02
3.680000e-06	6.885015e-09	2.575148e-09	3.845579e+01	7.038658e+02
3.690000e-06	6.885560e-09	2.575388e-09	3.845928e+01	7.039347e+02
3.700000e-06	6.885567e-09	2.575559e-09	3.845970e+01	7.039720e+02
3.710000e-06	6.885115e-09	2.575793e-09	3.845753e+01	7.040227e+02
3.720000e-06	6.884208e-09	2.576450e-09	3.845281e+01	7.041783e+02
3.730000e-06	6.882869e-09	2.577216e-09	3.844565e+01	7.043764e+02
3.740000e-06	6.881145e-09	2.577260e-09	3.843634e+01	7.044429e+02
3.750000e-06	6.878977e-09	2.576115e-09	3.842464e+01	7.042187e+02
3.760000e-06	6.876263e-09	2.573861e-09	3.840988e+01	7.036740e+02
3.770000e-06	6.873047e-09	2.572206e-09	3.839224e+01	7.030185e+02
3.780000e-06	6.869301e-09	2.578435e-09	3.837178e+01	7.043183e+02
3.790000e-06	6.864744e-09	2.589128e-09	3.834710e+01	7.079034e+02
3.800000e-06	6.859213e-09	2.578020e-09	3.831693e+01	7.057743e+02
3.810000e-06	6.853067e-09	2.555993e-09	3.828286e+01	6.984382e+02
3.820000e-06	6.846771e-09	2.567688e-09	3.824771e+01	7.005284e+02
3.830000e-06	6.840288e-09	2.592153e-09	3.821176e+01	7.086607e+02
3.840000e-06	6.833259e-09	2.580512e-09	3.817303e+01	7.066134e+02
3.850000e-06	6.825625e-09	2.554523e-09	3.813078e+01	6.980254e+02
3.860000e-06	6.817683e-09	2.564878e-09	3.808657e+01	6.995480e+02
3.870000e-06	6.809486e-09	2.590756e-09	3.804111e+01	7.081965e+02
3.880000e-06	6.800694e-09	2.579372e-09	3.799260e+01	7.062958e+02
3.890000e-06	6.791222e-09	2.554722e-09	3.794015e+01	6.977871e+02
3.900000e-06	6.781371e-09	2.569162e-09	3.788532e+01	7.005072e+02
3.910000e-06	6.771230e-09	2.594264e-09	3.782901e+01	7.093197e+02
3.920000e-06	6.760579e-09	2.576165e-09	3.777000e+01	7.053655e+02
3.930000e-06	6.749385e-09	2.552486e-09	3.770781e+01	6.967659e+02
3.940000e-06	6.737764e-09	2.573876e-09	3.764319e+01	7.019671e+02
3.950000e-06	6.725583e-09	2.593565e-09	3.757566e+01	7.095808e+02
3.960000e-06	6.712710e-09	2.569021e-09	3.750430e+01	7.030216e+02
3.970000e-06	6.699323e-09	2.555835e-09	3.742985e+01	6.971441e+02
3.980000e-06	6.685602e-09	2.584266e-09	3.735349e+01	7.053191e+02
3.990000e-06	6.671469e-09	2.590331e-09	3.727494e+01	7.089801e+02
4.000000e-06	6.656843e-09	2.562960e-09	3.719365e+01	7.002710e+02
4.010000e-06	6.641757e-09	2.570846e-09	3.710971e+01	7.007002e+02
4.020000e-06	6.626183e-09	2.598735e-09	3.702310e+01	7.100373e+02
4.030000e-06	6.610054e-09	2.581119e-09	3.693342e+01	7.061884e+02
4.040000e-06	6.593442e-09	2.558866e-09	3.684096e+01	6.980301e+02
4.050000e-06	6.576438e-09	2.582621e-09	3.674630e+01	7.043902e+02
4.060000e-06	6.559027e-09	2.592891e-09	3.664942e+01	7.091538e+02
4.070000e-06	6.541191e-09	2.566738e-09	3.655015e+01	7.009949e+02
4.080000e-06	6.522935e-09	2.573846e-09	3.644852e+01	7.012330e+02
4.090000e-06	6.504174e-09	2.602264e-09	3.634415e+01	7.106430e+02
4.100000e-06	6.484826e-09	2.585015e-09	3.623650e+01	7.068013e+02
4.110000e-06	6.464944e-09	2.565271e-09	3.612580e+01	6.993960e+02
4.120000e-06	6.444634e-09	2.589816e-09	3.601268e+01	7.062931e+02
4.130000e-06	6.423878e-09	2.592440e-09	3.589712e+01	7.088395e+02
4.140000e-06	6.402589e-09	2.564497e-09	3.577862e+01	6.999972e+02
4.150000e-06	6.380721e-09	2.576876e-09	3.565688e+01	7.022655e+02
4.160000e-06	6.358334e-09	2.596191e-09	3.553217e+01	7.092601e+02
4.170000e-06	6.335505e-09	2.572234e-09	3.540499e+01	7.027528e+02
4.180000e-06	6.312246e-09	2.566227e-09	3.527539e+01	6.995860e+02
4.190000e-06	6.288562e-09	2.587907e-09	3.514342e+01	7.063549e+02
4.200000e-06	6.264482e-09	2.576298e-09	3.500925e+01	7.039354e+02
4.210000e-06	6.239951e-09	2.561442e-09	3.487265e+01	6.986597e+02
4.220000e-06	6.214869e-09	2.579193e-09	3.473300e+01	7.035199e+02
4.230000e-06	6.189276e-09	2.580979e-09	3.459041e+01	7.048450e+02
4.240000e-06	6.163248e-09	2.566048e-09	3.444535e+01	7.002166e+02
4.250000e-06	6.136776e-09	2.573363e-09	3.429785e+01	7.020175e+02
4.260000e-06	6.109879e-09	2.576925e-09	3.414795e+01	7.035361e+02
4.270000e-06	6.082624e-09	2.564158e-09	3.399602e+01	6.997634e+02
4.280000e-06	6.054957e-09	2.566475e-09	3.384183e+01	7.001481e+02
4.290000e-06	6.026781e-09	2.572648e-09	3.368483e+01	7.021158e+02
4.300000e-06	5.998121e-09	2.565276e-09	3.352508e+01	6.999468e+02
4.310000e-06	5.969041e-09	2.564974e-09	3.336297e+01	6.997794e+02
4.320000e-06	5.939556e-09	2.569399e-09	3.319861e+01	7.011457e+02
4.330000e-06	5.909658e-09	2.564021e-09	3.303194e+01	6.995415e+02
4.340000e-06	5.879304e-09	2.561176e-09	3.286275e+01	6.988222e+02
4.350000e-06	5.848438e-09	2.562803e-09	3.269073e+01	6.993992e+02
4.360000e-06	5.817049e-09	2.559346e-09	3.251577e+01	6.981665e+02
4.370000e-06	5.785178e-09	2.557699e-09	3.233809e+01	6.977671e+02
4.380000e-06	5.752871e-09	2.558643e-09	3.215794e+01	6.982306e+02
4.390000e-06	5.720171e-09	2.556246e-09	3.197560e+01	6.972434e+02
4.400000e-06	5.687096e-09	2.555082e-09	3.179116e+01	6.969023e+02
4.410000e-06	5.653670e-09	2.555189e-09	3.160471e+01	6.972235e+02
4.420000e-06	5.619932e-09	2.552670e-09	3.141653e+01	6.962759e+02
4.430000e-06	5.585811e-09	2.551689e-09	3.122631e+01	6.958958e+02
4.440000e-06	5.551212e-09	2.551496e-09	3.103346e+01	6.961682e+02
4.450000e-06	5.516162e-09	2.548184e-09	3.083801e+01	6.951509e+02
4.460000e-06	5.480722e-09	2.545701e-09	3.064034e+01	6.942463e+02
4.470000e-06	5.444917e-09	2.545293e-09	3.044062e+01	6.942712e+02
4.480000e-06	5.408751e-09	2.543449e-09	3.023888e+01	6.937475e+02
4.490000e-06	5.372218e-09	2.541265e-09	3.003512e+01	6.929982e+02
4.500000e-06	5.335338e-09	2.540342e-09	2.982942e+01	6.927940e+02
4.510000e-06	5.298100e-09	2.539393e-09	2.962174e+01	6.925519e+02
4.520000e-06	5.260427e-09	2.538137e-09	2.941168e+01	6.921691e+02
4.530000e-06	5.222281e-09	2.536688e-09	2.919894e+01	6.917872e+02
4.540000e-06	5.183747e-09	2.534912e-09	2.898396e+01	6.912694e+02
4.550000e-06	5.144894e-09	2.533164e-09	2.876721e+01	6.907284e+02
4.560000e-06	5.105710e-09	2.531507e-09	2.854863e+01	6.902251e+02
4.570000e-06	5.066199e-09	2.530155e-09	2.832818e+01	6.897667e+02
4.580000e-06	5.026404e-09	2.529288e-09	2.810614e+01	6.895033e+02
4.590000e-06	4.986319e-09	2.528199e-09	2.788254e+01	6.892267e+02
4.600000e-06	4.945844e-09	2.526754e-09	2.765682e+01	6.888059e+02
4.610000e-06	4.904891e-09	2.525099e-09	2.742848e+01	6.883401e+02
4.620000e-06	4.863504e-09	2.523164e-09	2.719763e+01	6.878294e+02
4.630000e-06	4.821766e-09	2.521034e-09	2.696475e+01	6.872132e+02
4.640000e-06	4.779698e-09	2.519208e-09	2.673006e+01	6.866352e+02
4.650000e-06	4.737292e-09	2.517816e-09	2.649349e+01	6.861944e+02
4.660000e-06	4.694561e-09	2.516690e-09	2.625507e+01	6.858417e+02
4.670000e-06	4.651552e-09	2.515523e-09	2.601507e+01	6.854813e+02
4.680000e-06	4.608280e-09	2.514003e-09	2.577361e+01	6.850591e+02
4.690000e-06	4.564719e-09	2.512020e-09	2.553056e+01	6.845339e+02
4.700000e-06	4.520848e-09	2.509923e-09	2.528577e+01	6.839483e+02
4.710000e-06	4.476655e-09	2.508038e-09	2.503918e+01	6.834085e+02
4.720000e-06	4.432127e-09	2.506174e-09	2.479073e+01	6.828877e+02
4.730000e-06	4.387261e-09	2.504329e-09	2.454037e+01	6.823327e+02
4.740000e-06	4.342052e-09	2.503023e-09	2.428813e+01	6.818836e+02
4.750000e-06	4.296482e-09	2.501871e-09	2.403386e+01	6.815200e+02
4.760000e-06	4.250555e-09	2.500315e-09	2.377757e+01	6.810778e+02
4.770000e-06	4.204304e-09	2.498777e-09	2.351948e+01	6.806312e+02
4.780000e-06	4.157717e-09	2.497051e-09	2.325955e+01	6.801664e+02
4.790000e-06	4.110774e-09	2.494690e-09	2.299764e+01	6.795440e+02
4.800000e-06	4.063473e-09	2.492450e-09	2.273373e+01	6.788920e+02
4.810000e-06	4.015827e-09	2.490742e-09	2.246784e+01	6.783686e+02
4.820000e-06	3.967872e-09	2.488702e-09	2.220017e+01	6.777804e+02
4.830000e-06	3.919643e-09	2.486312e-09	2.193098e+01	6.770723e+02
4.840000e-06	3.871167e-09	2.484039e-09	2.166041e+01	6.763983e+02
4.850000e-06	3.822440e-09	2.481874e-09	2.138845e+01	6.757926e+02
4.860000e-06	3.773462e-09	2.479912e-09	2.111508e+01	6.752421e+02
4.870000e-06	3.724247e-09	2.477926e-09	2.084037e+01	6.747012e+02
4.880000e-06	3.674805e-09	2.475708e-09	2.056441e+01	6.741061e+02
4.890000e-06	3.625118e-09	2.473634e-09	2.028708e+01	6.735188e+02
4.900000e-06	3.575148e-09	2.471459e-09	2.000823e+01	6.728873e+02
4.910000e-06	3.524879e-09	2.468920e-09	1.972769e+01	6.721484e+02
4.920000e-06	3.474308e-09	2.466301e-09	1.944544e+01	6.713835e+02
4.930000e-06	3.423445e-09	2.463923e-09	1.916153e+01	6.706883e+02
4.940000e-06	3.372322e-09	2.461971e-09	1.887613e+01	6.701093e+02
4.950000e-06	3.320969e-09	2.460174e-09	1.858945e+01	6.695926e+02
4.960000e-06	3.269408e-09	2.457985e-09	1.830162e+01	6.689933e+02
4.970000e-06	3.217649e-09	2.455196e-09	1.801267e+01	6.682386e+02
4.980000e-06	3.165679e-09	2.452165e-09	1.772256e+01	6.674014e+02
4.990000e-06	3.113500e-09	2.449061e-09	1.743126e+01	6.665370e+02
5.000000e-06	3.061129e-09	2.446151e-09	1.713887e+01	6.657000e+02
5.010000e-06	3.008576e-09	2.443939e-09	1.684547e+01	6.650166e+02
5.020000e-06	2.955840e-09	2.442111e-09	1.655104e+01	6.644523e+02
5.030000e-06	2.902900e-09	2.440294e-09	1.625550e+01	6.639064e+02
5.040000e-06	2.849733e-09	2.438193e-09	1.595872e+01	6.633159e+02
5.050000e-06	2.796323e-09	2.435102e-09	1.566062e+01	6.624920e+02
5.060000e-06	2.742681e-09	2.431394e-09	1.536121e+01	6.614681e+02
5.070000e-06	2.688821e-09	2.427998e-09	1.506053e+01	6.605062e+02
5.080000e-06	2.634754e-09	2.424985e-09	1.475869e+01	6.596619e+02
5.090000e-06	2.580497e-09	2.422317e-09	1.445577e+01	6.588951e+02
5.100000e-06	2.526059e-09	2.420022e-09	1.415182e+01	6.582053e+02
5.110000e-06	2.471453e-09	2.417636e-09	1.384694e+01	6.575011e+02
5.120000e-06	2.416698e-09	2.414931e-09	1.354123e+01	6.567223e+02
5.130000e-06	2.361804e-09	2.411890e-09	1.323473e+01	6.558636e+02
5.140000e-06	2.306769e-09	2.408399e-09	1.292744e+01	6.549026e+02
5.150000e-06	2.251573e-09	2.404742e-09	1.261928e+01	6.538857e+02
5.160000e-06	2.196210e-09	2.401463e-09	1.231019e+01	6.529587e+02
5.170000e-06	2.140692e-09	2.398700e-09	1.200020e+01	6.521753e+02
5.180000e-06	2.085025e-09	2.396160e-09	1.168938e+01	6.514577e+02
5.190000e-06	2.029198e-09	2.393551e-09	1.137766e+01	6.507012e+02
5.200000e-06	1.973205e-09	2.390810e-09	1.106500e+01	6.498914e+02
5.210000e-06	1.917051e-09	2.387803e-09	1.075146e+01	6.490277e+02
5.220000e-06	1.860741e-09	2.384524e-09	1.043708e+01	6.480964e+02
5.230000e-06	1.804281e-09	2.381434e-09	1.012181e+01	6.472047e+02
5.240000e-06	1.747673e-09	2.378305e-09	9.805708e+00	6.463273e+02
5.250000e-06	1.690919e-09	2.374596e-09	9.488806e+00	6.453054e+02
5.260000e-06	1.634032e-09	2.370911e-09	9.171139e+00	6.442763e+02
5.270000e-06	1.577016e-09	2.367715e-09	8.852736e+00	6.433918e+02
5.280000e-06	1.519870e-09	2.364525e-09	8.533620e+00	6.425074e+02
5.290000e-06	1.462592e-09	2.361213e-09	8.213781e+00	6.415559e+02
5.300000e-06	1.405187e-09	2.358017e-09	7.893223e+00	6.406206e+02
5.310000e-06	1.347670e-09	2.354789e-09	7.572012e+00	6.396913e+02
5.320000e-06	1.290045e-09	2.351399e-09	7.250205e+00	6.387247e+02
5.330000e-06	1.232318e-09	2.348038e-09	6.927829e+00	6.377836e+02
5.340000e-06	1.174498e-09	2.344559e-09	6.604947e+00	6.368266e+02
5.350000e-06	1.116606e-09	2.340885e-09	6.281658e+00	6.357928e+02
5.360000e-06	1.058655e-09	2.337276e-09	5.958025e+00	6.347642e+02
5.370000e-06	1.000654e-09	2.333793e-09	5.634117e+00	6.337836e+02
5.380000e-06	9.426055e-10	2.330367e-09	5.309949e+00	6.328048e+02
5.390000e-06	8.845093e-10	2.326773e-09	4.985522e+00	6.317706e+02
5.400000e-06	8.263634e-10	2.322763e-09	4.660827e+00	6.306305e+02
5.410000e-06	7.681688e-10	2.318519e-09	4.335842e+00	6.294326e+02
5.420000e-06	7.099260e-10	2.314306e-09	4.010565e+00	6.282548e+02
5.430000e-06	6.516348e-10	2.310000e-09	3.685005e+00	6.270617e+02
5.440000e-06	5.932911e-10	2.305785e-09	3.359154e+00	6.258699e+02
5.450000e-06	5.348969e-10	2.301962e-09	3.033012e+00	6.247598e+02
5.460000e-06	4.764621e-10	2.298228e-09	2.706641e+00	6.236912e+02
5.470000e-06	4.179910e-10	2.294331e-09	2.380090e+00	6.225980e+02
5.480000e-06	3.594907e-10	2.290260e-09	2.053372e+00	6.214514e+02
5.490000e-06	3.009738e-10	2.285790e-09	1.726533e+00	6.201905e+02
5.500000e-06	2.424482e-10	2.281161e-09	1.399661e+00	6.188834e+02
5.510000e-06	1.839194e-10	2.276706e-09	1.072779e+00	6.176439e+02
5.520000e-06	1.253919e-10	2.272284e-09	7.458854e-01	6.164182e+02
5.530000e-06	6.686342e-11	2.267894e-09	4.189738e-01	6.151636e+02
5.540000e-06	8.332242e-12	2.263285e-09	9.204566e-02	6.138624e+02
5.550000e-06	-5.019953e-11	2.258189e-09	-2.348829e-01	6.124434e+02
5.560000e-06	-1.087292e-10	2.252953e-09	-5.618016e-01	6.109564e+02
5.570000e-06	-1.672555e-10	2.247799e-09	-8.886985e-01	6.095054e+02
5.580000e-06	-2.257759e-10	2.242391e-09	-1.215561e+00	6.080255e+02
5.590000e-06	-2.842822e-10	2.236922e-09	-1.542352e+00	6.065003e+02
5.600000e-06	-3.427655e-10	2.231897e-09	-1.869003e+00	6.050574e+02
5.610000e-06	-4.012290e-10	2.226988e-09	-2.195538e+00	6.036604e+02
5.620000e-06	-4.596660e-10	2.221765e-09	-2.521953e+00	6.021842e+02
5.630000e-06	-5.180584e-10	2.216438e-09	-2.848139e+00	6.006559e+02
5.640000e-06	-5.764040e-10	2.211278e-09	-3.174038e+00	5.991800e+02
5.650000e-06	-6.346958e-10	2.206094e-09	-3.499646e+00	5.977227e+02
5.660000e-06	-6.929360e-10	2.200508e-09	-3.825006e+00	5.961614e+02
5.670000e-06	-7.511281e-10	2.194414e-09	-4.150087e+00	5.944782e+02
5.680000e-06	-8.092684e-10	2.188061e-09	-4.474838e+00	5.927165e+02
5.690000e-06	-8.673580e-10	2.181643e-09	-4.799304e+00	5.908929e+02
5.700000e-06	-9.254010e-10	2.175146e-09	-5.123529e+00	5.890387e+02
5.710000e-06	-9.833988e-10	2.168744e-09	-5.447483e+00	5.872164e+02
5.720000e-06	-1.041341e-09	2.162475e-09	-5.771124e+00	5.854258e+02
5.730000e-06	-1.099223e-09	2.156108e-09	-6.094444e+00	5.836144e+02
5.740000e-06	-1.157037e-09	2.149697e-09	-6.417409e+00	5.818015e+02
5.750000e-06	-1.214764e-09	2.143153e-09	-6.739905e+00	5.799672e+02
5.760000e-06	-1.272393e-09	2.135945e-09	-7.061882e+00	5.779554e+02
5.770000e-06	-1.329918e-09	2.128175e-09	-7.383306e+00	5.757625e+02
5.780000e-06	-1.387323e-09	2.120403e-09	-7.704064e+00	5.735490e+02
5.790000e-06	-1.444596e-09	2.113071e-09	-8.024084e+00	5.714440e+02
5.800000e-06	-1.501733e-09	2.106277e-09	-8.343333e+00	5.694897e+02
5.810000e-06	-1.558732e-09	2.099288e-09	-8.661817e+00	5.675145e+02
5.820000e-06	-1.615608e-09	2.091659e-09	-8.979606e+00	5.653603e+02
5.830000e-06	-1.672355e-09	2.083584e-09	-9.296709e+00	5.630654e+02
5.840000e-06	-1.728961e-09	2.075206e-09	-9.613042e+00	5.606848e+02
5.850000e-06	-1.785419e-09	2.066368e-09	-9.928543e+00	5.581873e+02
5.860000e-06	-1.841723e-09	2.056996e-09	-1.024319e+01	5.555407e+02
5.870000e-06	-1.897870e-09	2.047451e-09	-1.055696e+01	5.528273e+02
5.880000e-06	-1.953859e-09	2.038117e-09	-1.086981e+01	5.501573e+02
5.890000e-06	-2.009692e-09	2.028859e-09	-1.118178e+01	5.475054e+02
5.900000e-06	-2.065374e-09	2.019207e-09	-1.149290e+01	5.447479e+02
5.910000e-06	-2.120907e-09	2.008892e-09	-1.180319e+01	5.418089e+02
5.920000e-06	-2.176280e-09	1.997987e-09	-1.211263e+01	5.386899e+02
5.930000e-06	-2.231483e-09	1.986957e-09	-1.242112e+01	5.355092e+02
5.940000e-06	-2.286526e-09	1.975847e-09	-1.272868e+01	5.323030e+02
5.950000e-06	-2.341427e-09	1.964043e-09	-1.303542e+01	5.289277e+02
5.960000e-06	-2.396193e-09	1.951709e-09	-1.334141e+01	5.254067e+02
5.970000e-06	-2.450810e-09	1.939398e-09	-1.364657e+01	5.218502e+02
5.980000e-06	-2.505268e-09	1.926775e-09	-1.395084e+01	5.181873e+02
5.990000e-06	-2.559563e-09	1.913309e-09	-1.425418e+01	5.142982e+02
6.000000e-06	-2.613667e-09	1.898763e-09	-1.455647e+01	5.101081e+02
6.010000e-06	-2.667557e-09	1.883079e-09	-1.485761e+01	5.055916e+02
6.020000e-06	-2.721231e-09	1.866637e-09	-1.515759e+01	5.008280e+02
6.030000e-06	-2.774686e-09	1.849766e-09	-1.545636e+01	4.958921e+02
6.040000e-06	-2.827914e-09	1.832146e-09	-1.575390e+01	4.907087e+02
6.050000e-06	-2.880917e-09	1.813198e-09	-1.605016e+01	4.850860e+02
6.060000e-06	-2.933706e-09	1.792257e-09	-1.634516e+01	4.787926e+02
6.070000e-06	-2.986300e-09	1.768923e-09	-1.663903e+01	4.716970e+02
6.080000e-06	-3.038711e-09	1.742829e-09	-1.693188e+01	4.637239e+02
6.090000e-06	-3.090928e-09	1.713110e-09	-1.722366e+01	4.546427e+02
6.100000e-06	-3.142930e-09	1.679037e-09	-1.751430e+01	4.441749e+02
6.110000e-06	-3.194723e-09	1.640186e-09	-1.780378e+01	4.321161e+02
6.120000e-06	-3.246335e-09	1.595604e-09	-1.809220e+01	4.181194e+02
6.130000e-06	-3.297771e-09	1.543579e-09	-1.837963e+01	4.016234e+02
6.140000e-06	-3.349000e-09	1.482047e-09	-1.866593e+01	3.819699e+02
6.150000e-06	-3.399994e-09	1.408671e-09	-1.895096e+01	3.583947e+02
6.160000e-06	-3.450735e-09	1.320949e-09	-1.923461e+01	3.301248e+02
6.170000e-06	-3.501201e-09	1.216261e-09	-1.951674e+01	2.964711e+02
6.180000e-06	-3.551373e-09	1.092253e-09	-1.979725e+01	2.569230e+02
6.190000e-06	-3.601245e-09	9.474038e-10	-2.007612e+01	2.113646e+02
6.200000e-06	-3.650840e-09	7.812668e-10	-2.035339e+01	1.601290e+02
6.210000e-06	-3.700183e-09	5.951948e-10	-2.062919e+01	1.041271e+02
6.220000e-06	-3.749266e-09	3.928547e-10	-2.090358e+01	4.496223e+01
6.230000e-06	-3.798079e-09	1.794079e-10	-2.117648e+01	-1.541073e+01
6.240000e-06	-3.846625e-09	-3.934415e-11	-2.144785e+01	-7.506490e+01
6.250000e-06	-3.894928e-09	-2.567074e-10	-2.171784e+01	-1.321921e+02
6.260000e-06	-3.942995e-09	-4.657340e-10	-2.198653e+01	-1.852425e+02
6.270000e-06	-3.990785e-09	-6.612158e-10	-2.225367e+01	-2.332814e+02
6.280000e-06	-4.038242e-09	-8.401338e-10	-2.251900e+01	-2.761089e+02
6.290000e-06	-4.085343e-09	-1.000612e-09	-2.278242e+01	-3.139097e+02
6.300000e-06	-4.132087e-09	-1.142147e-09	-2.304386e+01	-3.470583e+02
6.310000e-06	-4.178485e-09	-1.266312e-09	-2.330329e+01	-3.762254e+02
6.320000e-06	-4.224555e-09	-1.375402e-09	-2.356086e+01	-4.021358e+02
6.330000e-06	-4.270284e-09	-1.471285e-09	-2.381656e+01	-4.252874e+02
6.340000e-06	-4.315634e-09	-1.556096e-09	-2.407018e+01	-4.461110e+02
6.350000e-06	-4.360593e-09	-1.631979e-09	-2.432161e+01	-4.650030e+02
6.360000e-06	-4.405179e-09	-1.700011e-09	-2.457093e+01	-4.821248e+02
6.370000e-06	-4.449431e-09	-1.760945e-09	-2.481839e+01	-4.975331e+02
6.380000e-06	-4.493390e-09	-1.816110e-09	-2.506418e+01	-5.114876e+02
6.390000e-06	-4.537079e-09	-1.866750e-09	-2.530840e+01	-5.243152e+02
6.400000e-06	-4.580503e-09	-1.913659e-09	-2.555114e+01	-5.362101e+02
6.410000e-06	-4.623659e-09	-1.957072e-09	-2.579239e+01	-5.472240e+02
6.420000e-06	-4.666528e-09	-1.997107e-09	-2.603205e+01	-5.573746e+02
6.430000e-06	-4.709081e-09	-2.034264e-09	-2.626998e+01	-5.667833e+02
6.440000e-06	-4.751301e-09	-2.069006e-09	-2.650606e+01	-5.755780e+02
6.450000e-06	-4.793194e-09	-2.101448e-09	-2.674030e+01	-5.837794e+02
6.460000e-06	-4.834744e-09	-2.131510e-09	-2.697267e+01	-5.913426e+02
6.470000e-06	-4.875907e-09	-2.159185e-09	-2.720289e+01	-5.982614e+02
6.480000e-06	-4.916658e-09	-2.184809e-09	-2.743082e+01	-6.046437e+02
6.490000e-06	-4.957016e-09	-2.208677e-09	-2.765655e+01	-6.106050e+02
6.500000e-06	-4.997018e-09	-2.230746e-09	-2.788025e+01	-6.161427e+02
6.510000e-06	-5.036699e-09	-2.251166e-09	-2.810213e+01	-6.212826e+02
6.520000e-06	-5.076053e-09	-2.270301e-09	-2.832217e+01	-6.261117e+02
6.530000e-06	-5.115069e-09	-2.288248e-09	-2.854033e+01	-6.306422e+02
6.540000e-06	-5.153770e-09	-2.305022e-09	-2.875671e+01	-6.348785e+02
6.550000e-06	-5.192173e-09	-2.320607e-09	-2.897140e+01	-6.388212e+02
6.560000e-06	-5.230230e-09	-2.334958e-09	-2.918423e+01	-6.424255e+02
6.570000e-06	-5.267867e-09	-2.348237e-09	-2.939480e+01	-6.457102e+02
6.580000e-06	-5.305071e-09	-2.360628e-09	-2.960294e+01	-6.487626e+02
6.590000e-06	-5.341868e-09	-2.372194e-09	-2.980875e+01	-6.516408e+02
6.600000e-06	-5.378281e-09	-2.382909e-09	-3.001242e+01	-6.543216e+02
6.610000e-06	-5.414310e-09	-2.392852e-09	-3.021395e+01	-6.567978e+02
6.620000e-06	-5.449963e-09	-2.402144e-09	-3.041335e+01	-6.591040e+02
6.630000e-06	-5.485281e-09	-2.410687e-09	-3.061084e+01	-6.612289e+02
6.640000e-06	-5.520247e-09	-2.418564e-09	-3.080643e+01	-6.631908e+02
6.650000e-06	-5.554782e-09	-2.426021e-09	-3.099971e+01	-6.650489e+02
6.660000e-06	-5.588865e-09	-2.433044e-09	-3.119048e+01	-6.668012e+02
6.670000e-06	-5.622551e-09	-2.439805e-09	-3.137895e+01	-6.684883e+02
6.680000e-06	-5.655882e-09	-2.446483e-09	-3.156540e+01	-6.701748e+02
6.690000e-06	-5.688850e-09	-2.452689e-09	-3.174983e+01	-6.717860e+02
6.700000e-06	-5.721443e-09	-2.458111e-09	-3.193214e+01	-6.732203e+02
6.710000e-06	-5.753678e-09	-2.462905e-09	-3.211244e+01	-6.744512e+02
6.720000e-06	-5.785540e-09	-2.467557e-09	-3.229072e+01	-6.755865e+02
6.730000e-06	-5.816943e-09	-2.472497e-09	-3.246655e+01	-6.767975e+02
6.740000e-06	-5.847830e-09	-2.477370e-09	-3.263950e+01	-6.780382e+02
6.750000e-06	-5.878216e-09	-2.481944e-09	-3.280960e+01	-6.792065e+02
6.760000e-06	-5.908144e-09	-2.486600e-09	-3.297712e+01	-6.803738e+02
6.770000e-06	-5.937645e-09	-2.491054e-09	-3.314222e+01	-6.815109e+02
6.780000e-06	-5.966767e-09	-2.494864e-09	-3.330514e+01	-6.825181e+02
6.790000e-06	-5.995517e-09	-2.498208e-09	-3.346600e+01	-6.834131e+02
6.800000e-06	-6.023815e-09	-2.501270e-09	-3.362447e+01	-6.842221e+02
6.810000e-06	-6.051619e-09	-2.504431e-09	-3.378021e+01	-6.850022e+02
6.820000e-06	-6.078983e-09	-2.508090e-09	-3.393338e+01	-6.858716e+02
6.830000e-06	-6.105952e-09	-2.511827e-09	-3.408431e+01	-6.868176e+02
6.840000e-06	-6.132516e-09	-2.514858e-09	-3.423300e+01	-6.876524e+02
6.850000e-06	-6.158671e-09	-2.517188e-09	-3.437938e+01	-6.882902e+02
6.860000e-06	-6.184442e-09	-2.519350e-09	-3.452359e+01	-6.888370e+02
6.870000e-06	-6.209776e-09	-2.521663e-09	-3.466547e+01	-6.894142e+02
6.880000e-06	-6.234585e-09	-2.523980e-09	-3.480452e+01	-6.900190e+02
6.890000e-06	-6.258904e-09	-2.526048e-09	-3.494072e+01	-6.905756e+02
6.900000e-06	-6.282817e-09	-2.528121e-09	-3.507457e+01	-6.911019e+02
6.910000e-06	-6.306320e-09	-2.530549e-09	-3.520617e+01	-6.916814e+02
6.920000e-06	-6.329380e-09	-2.533145e-09	-3.533532e+01	-6.923237e+02
6.930000e-06	-6.352023e-09	-2.535507e-09	-3.546209e+01	-6.929577e+02
6.940000e-06	-6.374237e-09	-2.537629e-09	-3.558654e+01	-6.935614e+02
6.950000e-06	-6.395917e-09	-2.539637e-09	-3.570812e+01	-6.941193e+02
6.960000e-06	-6.417039e-09	-2.541734e-09	-3.582651e+01	-6.946400e+02
6.970000e-06	-6.437660e-09	-2.544120e-09	-3.594206e+01	-6.952361e+02
6.980000e-06	-6.457763e-09	-2.546250e-09	-3.605478e+01	-6.958278e+02
6.990000e-06	-6.477269e-09	-2.547501e-09	-3.616423e+01	-6.961952e+02
7.000000e-06	-6.496209e-09	-2.548387e-09	-3.627045e+01	-6.964188e+02
7.010000e-06	-6.514710e-09	-2.549638e-09	-3.637412e+01	-6.967196e+02
7.020000e-06	-6.532824e-09	-2.551488e-09	-3.647558e+01	-6.971887e+02
7.030000e-06	-6.550569e-09	-2.553625e-09	-3.657494e+01	-6.977657e+02
7.040000e-06	-6.567943e-09	-2.555361e-09	-3.667227e+01	-6.982604e+02
7.050000e-06	-6.584900e-09	-2.556590e-09	-3.676733e+01	-6.986014e+02
7.060000e-06	-6.601432e-09	-2.557724e-09	-3.685997e+01	-6.988868e+02
7.070000e-06	-6.617555e-09	-2.559110e-09	-3.695032e+01	-6.992221e+02
7.080000e-06	-6.633214e-09	-2.560310e-09	-3.703818e+01	-6.995506e+02
7.090000e-06	-6.648325e-09	-2.560999e-09	-3.712305e+01	-6.997625e+02
7.100000e-06	-6.662936e-09	-2.561908e-09	-3.720504e+01	-6.999847e+02
7.110000e-06	-6.677114e-09	-2.563503e-09	-3.728455e+01	-7.003724e+02
7.120000e-06	-6.690844e-09	-2.565488e-09	-3.736156e+01	-7.008860e+02
7.130000e-06	-6.704117e-09	-2.567281e-09	-3.743599e+01	-7.013814e+02
7.140000e-06	-6.716946e-09	-2.568315e-09	-3.750796e+01	-7.016965e+02
7.150000e-06	-6.729266e-09	-2.568539e-09	-3.757721e+01	-7.017903e+02
7.160000e-06	-6.741033e-09	-2.568514e-09	-3.764337e+01	-7.017835e+02
7.170000e-06	-6.752316e-09	-2.568897e-09	-3.770675e+01	-7.018534e+02
7.180000e-06	-6.763148e-09	-2.569599e-09	-3.776761e+01	-7.020283e+02
7.190000e-06	-6.773501e-09	-2.570375e-09	-3.782580e+01	-7.022367e+02
7.200000e-06	-6.783410e-09	-2.571450e-09	-3.788145e+01	-7.025091e+02
7.210000e-06	-6.792898e-09	-2.572786e-09	-3.793477e+01	-7.028623e+02
7.220000e-06	-6.801870e-09	-2.574071e-09	-3.798533e+01	-7.032216e+02
7.230000e-06	-6.810295e-09	-2.575007e-09	-3.803280e+01	-7.034995e+02
7.240000e-06	-6.818253e-09	-2.575518e-09	-3.807757e+01	-7.036550e+02
7.250000e-06	-6.825772e-09	-2.575965e-09	-3.811992e+01	-7.037604e+02
7.260000e-06	-6.832839e-09	-2.576608e-09	-3.815975e+01	-7.039125e+02
7.270000e-06	-6.839465e-09	-2.577439e-09	-3.819708e+01	-7.041159e+02
7.280000e-06	-6.845598e-09	-2.578408e-09	-3.823177e+01	-7.043556e+02
7.290000e-06	-6.851139e-09	-2.579270e-09	-3.826325e+01	-7.045926e+02
7.300000e-06	-6.856089e-09	-2.579932e-09	-3.829135e+01	-7.047798e+02
7.310000e-06	-6.860521e-09	-2.580372e-09	-3.831648e+01	-7.049057e+02
7.320000e-06	-6.864473e-09	-2.580667e-09	-3.833891e+01	-7.049978e+02
7.330000e-06	-6.867988e-09	-2.581089e-09	-3.835883e+01	-7.051068e+02
7.340000e-06	-6.871070e-09	-2.581657e-09	-3.837637e+01	-7.052318e+02
7.350000e-06	-6.873619e-09	-2.582230e-09	-3.839106e+01	-7.053561e+02
7.360000e-06	-6.875621e-09	-2.582444e-09	-3.840264e+01	-7.054096e+02
7.370000e-06	-6.877165e-09	-2.582190e-09	-3.841160e+01	-7.053519e+02
7.380000e-06	-6.878270e-09	-2.581671e-09	-3.841811e+01	-7.052172e+02
7.390000e-06	-6.878909e-09	-2.581370e-09	-3.842205e+01	-7.051257e+02
