# Temperatura_=_25.78888888888889
# Concentracion g/m^3_=_11700.0
# C_Vs_to_Am_M_A/Vsm_=_254322799225.57578
# pendiente_HvsI_1/m_=_3716.3
# ordenada_HvsI_A/m_=_1297.0
# frecuencia_Hz_=_135204.9351752156
# Promedio de 36 ciclos

Tiempo_(s)	Campo_(V.s)	Magnetizacion_(V.s)	Campo_(kA/m)	Magnetizacion_(A/m)
0.000000e+00	-6.880274e-09	-2.822877e-09	-3.842275e+01	-7.131659e+02
1.000000e-08	-6.880320e-09	-2.822956e-09	-3.842293e+01	-7.131796e+02
2.000000e-08	-6.879911e-09	-2.822943e-09	-3.842057e+01	-7.131787e+02
3.000000e-08	-6.878932e-09	-2.823300e-09	-3.841504e+01	-7.132748e+02
4.000000e-08	-6.877457e-09	-2.824080e-09	-3.840675e+01	-7.134697e+02
5.000000e-08	-6.875567e-09	-2.824559e-09	-3.839615e+01	-7.135911e+02
6.000000e-08	-6.873216e-09	-2.825029e-09	-3.838300e+01	-7.137233e+02
7.000000e-08	-6.870391e-09	-2.825680e-09	-3.836720e+01	-7.138965e+02
8.000000e-08	-6.867060e-09	-2.824520e-09	-3.834854e+01	-7.135402e+02
9.000000e-08	-6.862962e-09	-2.819640e-09	-3.832556e+01	-7.121372e+02
1.000000e-07	-6.857873e-09	-2.819992e-09	-3.829707e+01	-7.122136e+02
1.100000e-07	-6.852062e-09	-2.833806e-09	-3.826466e+01	-7.160675e+02
1.200000e-07	-6.846094e-09	-2.836651e-09	-3.823141e+01	-7.168025e+02
1.300000e-07	-6.839971e-09	-2.817310e-09	-3.819720e+01	-7.113925e+02
1.400000e-07	-6.833217e-09	-2.814657e-09	-3.815937e+01	-7.107035e+02
1.500000e-07	-6.825784e-09	-2.839359e-09	-3.811774e+01	-7.175645e+02
1.600000e-07	-6.818020e-09	-2.843707e-09	-3.807432e+01	-7.187306e+02
1.700000e-07	-6.810032e-09	-2.819143e-09	-3.802967e+01	-7.118318e+02
1.800000e-07	-6.801539e-09	-2.820784e-09	-3.798220e+01	-7.121060e+02
1.900000e-07	-6.792453e-09	-2.848559e-09	-3.793142e+01	-7.196987e+02
2.000000e-07	-6.783028e-09	-2.846966e-09	-3.787875e+01	-7.193174e+02
2.100000e-07	-6.773296e-09	-2.821258e-09	-3.782434e+01	-7.122060e+02
2.200000e-07	-6.762924e-09	-2.826891e-09	-3.776633e+01	-7.136827e+02
2.300000e-07	-6.751896e-09	-2.850706e-09	-3.770467e+01	-7.202054e+02
2.400000e-07	-6.740483e-09	-2.842191e-09	-3.764089e+01	-7.178037e+02
2.500000e-07	-6.728682e-09	-2.822694e-09	-3.757496e+01	-7.124069e+02
2.600000e-07	-6.716329e-09	-2.834270e-09	-3.750592e+01	-7.156531e+02
2.700000e-07	-6.703489e-09	-2.846377e-09	-3.743414e+01	-7.189891e+02
2.800000e-07	-6.690204e-09	-2.830879e-09	-3.735987e+01	-7.146610e+02
2.900000e-07	-6.676360e-09	-2.826050e-09	-3.728252e+01	-7.134066e+02
3.000000e-07	-6.661989e-09	-2.841000e-09	-3.720225e+01	-7.175856e+02
3.100000e-07	-6.647204e-09	-2.836204e-09	-3.711966e+01	-7.161159e+02
3.200000e-07	-6.631964e-09	-2.821449e-09	-3.703452e+01	-7.120238e+02
3.300000e-07	-6.616238e-09	-2.833736e-09	-3.694663e+01	-7.155604e+02
3.400000e-07	-6.600141e-09	-2.843396e-09	-3.685670e+01	-7.181775e+02
3.500000e-07	-6.583630e-09	-2.826942e-09	-3.676450e+01	-7.134438e+02
3.600000e-07	-6.566531e-09	-2.824033e-09	-3.666900e+01	-7.126864e+02
3.700000e-07	-6.548866e-09	-2.840730e-09	-3.657033e+01	-7.174249e+02
3.800000e-07	-6.530768e-09	-2.834281e-09	-3.646922e+01	-7.155306e+02
3.900000e-07	-6.512173e-09	-2.818460e-09	-3.636532e+01	-7.111037e+02
4.000000e-07	-6.493022e-09	-2.828270e-09	-3.625835e+01	-7.139815e+02
4.100000e-07	-6.473346e-09	-2.836557e-09	-3.614848e+01	-7.162268e+02
4.200000e-07	-6.453117e-09	-2.823760e-09	-3.603552e+01	-7.125231e+02
4.300000e-07	-6.432296e-09	-2.822230e-09	-3.591924e+01	-7.122303e+02
4.400000e-07	-6.410980e-09	-2.831931e-09	-3.580018e+01	-7.150103e+02
4.500000e-07	-6.389247e-09	-2.826021e-09	-3.567879e+01	-7.131770e+02
4.600000e-07	-6.367099e-09	-2.820250e-09	-3.555506e+01	-7.115364e+02
4.700000e-07	-6.344550e-09	-2.827536e-09	-3.542911e+01	-7.137169e+02
4.800000e-07	-6.321554e-09	-2.826272e-09	-3.530070e+01	-7.132652e+02
4.900000e-07	-6.298033e-09	-2.819480e-09	-3.516929e+01	-7.112358e+02
5.000000e-07	-6.274028e-09	-2.824609e-09	-3.503517e+01	-7.127844e+02
5.100000e-07	-6.249606e-09	-2.825613e-09	-3.489874e+01	-7.131164e+02
5.200000e-07	-6.224748e-09	-2.816311e-09	-3.475989e+01	-7.104065e+02
5.300000e-07	-6.199454e-09	-2.816457e-09	-3.461858e+01	-7.104908e+02
5.400000e-07	-6.173750e-09	-2.821301e-09	-3.447498e+01	-7.119192e+02
5.500000e-07	-6.147534e-09	-2.817145e-09	-3.432854e+01	-7.106324e+02
5.600000e-07	-6.120750e-09	-2.816208e-09	-3.417891e+01	-7.102661e+02
5.700000e-07	-6.093542e-09	-2.820285e-09	-3.402691e+01	-7.114561e+02
5.800000e-07	-6.065997e-09	-2.816988e-09	-3.387304e+01	-7.105421e+02
5.900000e-07	-6.038059e-09	-2.813285e-09	-3.371698e+01	-7.094606e+02
6.000000e-07	-6.009707e-09	-2.815616e-09	-3.355860e+01	-7.101266e+02
6.100000e-07	-5.980952e-09	-2.813414e-09	-3.339798e+01	-7.095242e+02
6.200000e-07	-5.951728e-09	-2.809428e-09	-3.323478e+01	-7.083689e+02
6.300000e-07	-5.921981e-09	-2.811648e-09	-3.306866e+01	-7.089632e+02
6.400000e-07	-5.891726e-09	-2.812272e-09	-3.289967e+01	-7.091327e+02
6.500000e-07	-5.861007e-09	-2.808909e-09	-3.272808e+01	-7.081590e+02
6.600000e-07	-5.829820e-09	-2.808889e-09	-3.255388e+01	-7.081193e+02
6.700000e-07	-5.798127e-09	-2.808589e-09	-3.237685e+01	-7.080543e+02
6.800000e-07	-5.765918e-09	-2.805142e-09	-3.219693e+01	-7.071250e+02
6.900000e-07	-5.733274e-09	-2.803991e-09	-3.201456e+01	-7.067779e+02
7.000000e-07	-5.700259e-09	-2.803847e-09	-3.183013e+01	-7.066955e+02
7.100000e-07	-5.666893e-09	-2.801375e-09	-3.164374e+01	-7.060080e+02
7.200000e-07	-5.633220e-09	-2.800350e-09	-3.145564e+01	-7.057213e+02
7.300000e-07	-5.599238e-09	-2.800570e-09	-3.126583e+01	-7.057539e+02
7.400000e-07	-5.564896e-09	-2.798417e-09	-3.107401e+01	-7.051532e+02
7.500000e-07	-5.530184e-09	-2.796453e-09	-3.088011e+01	-7.046000e+02
7.600000e-07	-5.495127e-09	-2.796052e-09	-3.068426e+01	-7.044646e+02
7.700000e-07	-5.459683e-09	-2.794735e-09	-3.048629e+01	-7.040920e+02
7.800000e-07	-5.423780e-09	-2.793123e-09	-3.028577e+01	-7.036301e+02
7.900000e-07	-5.387419e-09	-2.792596e-09	-3.008268e+01	-7.034414e+02
8.000000e-07	-5.350665e-09	-2.791502e-09	-2.987737e+01	-7.030997e+02
8.100000e-07	-5.313537e-09	-2.789703e-09	-2.966999e+01	-7.025828e+02
8.200000e-07	-5.276028e-09	-2.788505e-09	-2.946048e+01	-7.022388e+02
8.300000e-07	-5.238157e-09	-2.787803e-09	-2.924891e+01	-7.020185e+02
8.400000e-07	-5.199942e-09	-2.786656e-09	-2.903542e+01	-7.016699e+02
8.500000e-07	-5.161376e-09	-2.785623e-09	-2.881999e+01	-7.013491e+02
8.600000e-07	-5.122411e-09	-2.784545e-09	-2.860240e+01	-7.010414e+02
8.700000e-07	-5.083020e-09	-2.782837e-09	-2.838244e+01	-7.005845e+02
8.800000e-07	-5.043258e-09	-2.780859e-09	-2.816034e+01	-7.000191e+02
8.900000e-07	-5.003185e-09	-2.778892e-09	-2.793650e+01	-6.994374e+02
9.000000e-07	-4.962785e-09	-2.776652e-09	-2.771085e+01	-6.987988e+02
9.100000e-07	-4.922024e-09	-2.774814e-09	-2.748320e+01	-6.982803e+02
9.200000e-07	-4.880907e-09	-2.773823e-09	-2.725355e+01	-6.979912e+02
9.300000e-07	-4.839457e-09	-2.773277e-09	-2.702202e+01	-6.978085e+02
9.400000e-07	-4.797672e-09	-2.772289e-09	-2.678862e+01	-6.974904e+02
9.500000e-07	-4.755498e-09	-2.770333e-09	-2.655312e+01	-6.969193e+02
9.600000e-07	-4.712911e-09	-2.767659e-09	-2.631530e+01	-6.961786e+02
9.700000e-07	-4.669952e-09	-2.765313e-09	-2.607535e+01	-6.955243e+02
9.800000e-07	-4.626680e-09	-2.763712e-09	-2.583365e+01	-6.950435e+02
9.900000e-07	-4.583112e-09	-2.762042e-09	-2.559031e+01	-6.945513e+02
1.000000e-06	-4.539244e-09	-2.760407e-09	-2.534530e+01	-6.940819e+02
1.010000e-06	-4.495079e-09	-2.758977e-09	-2.509863e+01	-6.936791e+02
1.020000e-06	-4.450640e-09	-2.757457e-09	-2.485042e+01	-6.932496e+02
1.030000e-06	-4.405921e-09	-2.755763e-09	-2.460066e+01	-6.927416e+02
1.040000e-06	-4.360881e-09	-2.753476e-09	-2.434911e+01	-6.920641e+02
1.050000e-06	-4.315463e-09	-2.750683e-09	-2.409549e+01	-6.912708e+02
1.060000e-06	-4.269627e-09	-2.748102e-09	-2.383954e+01	-6.905597e+02
1.070000e-06	-4.223388e-09	-2.745684e-09	-2.358129e+01	-6.899067e+02
1.080000e-06	-4.176805e-09	-2.743326e-09	-2.332110e+01	-6.892555e+02
1.090000e-06	-4.129917e-09	-2.741001e-09	-2.305919e+01	-6.885971e+02
1.100000e-06	-4.082742e-09	-2.738751e-09	-2.279570e+01	-6.879621e+02
1.110000e-06	-4.035303e-09	-2.736724e-09	-2.253075e+01	-6.873853e+02
1.120000e-06	-3.987609e-09	-2.734919e-09	-2.226437e+01	-6.868570e+02
1.130000e-06	-3.939656e-09	-2.732671e-09	-2.199653e+01	-6.862124e+02
1.140000e-06	-3.891427e-09	-2.730153e-09	-2.172718e+01	-6.854964e+02
1.150000e-06	-3.842901e-09	-2.727446e-09	-2.145619e+01	-6.847376e+02
1.160000e-06	-3.794067e-09	-2.724184e-09	-2.118347e+01	-6.838619e+02
1.170000e-06	-3.744942e-09	-2.720917e-09	-2.090909e+01	-6.829852e+02
1.180000e-06	-3.695545e-09	-2.718162e-09	-2.063316e+01	-6.822136e+02
1.190000e-06	-3.645888e-09	-2.715524e-09	-2.035581e+01	-6.814562e+02
1.200000e-06	-3.595978e-09	-2.712846e-09	-2.007706e+01	-6.806952e+02
1.210000e-06	-3.545809e-09	-2.710246e-09	-1.979686e+01	-6.799856e+02
1.220000e-06	-3.495384e-09	-2.707680e-09	-1.951524e+01	-6.792953e+02
1.230000e-06	-3.444734e-09	-2.704612e-09	-1.923236e+01	-6.784406e+02
1.240000e-06	-3.393866e-09	-2.701013e-09	-1.894825e+01	-6.774429e+02
1.250000e-06	-3.342767e-09	-2.697734e-09	-1.866283e+01	-6.765399e+02
1.260000e-06	-3.291432e-09	-2.694972e-09	-1.837612e+01	-6.757660e+02
1.270000e-06	-3.239861e-09	-2.692435e-09	-1.808810e+01	-6.750488e+02
1.280000e-06	-3.188051e-09	-2.689852e-09	-1.779879e+01	-6.743156e+02
1.290000e-06	-3.135998e-09	-2.687410e-09	-1.750812e+01	-6.736194e+02
1.300000e-06	-3.083699e-09	-2.684864e-09	-1.721604e+01	-6.729133e+02
1.310000e-06	-3.031182e-09	-2.681656e-09	-1.692273e+01	-6.720498e+02
1.320000e-06	-2.978462e-09	-2.677931e-09	-1.662827e+01	-6.710418e+02
1.330000e-06	-2.925545e-09	-2.673979e-09	-1.633271e+01	-6.699445e+02
1.340000e-06	-2.872438e-09	-2.670413e-09	-1.603607e+01	-6.689349e+02
1.350000e-06	-2.819118e-09	-2.667713e-09	-1.573826e+01	-6.681681e+02
1.360000e-06	-2.765573e-09	-2.665251e-09	-1.543920e+01	-6.674866e+02
1.370000e-06	-2.711844e-09	-2.662687e-09	-1.513913e+01	-6.667753e+02
1.380000e-06	-2.657951e-09	-2.659404e-09	-1.483813e+01	-6.658618e+02
1.390000e-06	-2.603879e-09	-2.655240e-09	-1.453613e+01	-6.647186e+02
1.400000e-06	-2.549628e-09	-2.651073e-09	-1.423317e+01	-6.635796e+02
1.410000e-06	-2.495202e-09	-2.647095e-09	-1.392923e+01	-6.625060e+02
1.420000e-06	-2.440592e-09	-2.643398e-09	-1.362423e+01	-6.615019e+02
1.430000e-06	-2.385801e-09	-2.640308e-09	-1.331822e+01	-6.606211e+02
1.440000e-06	-2.330831e-09	-2.637433e-09	-1.301123e+01	-6.597895e+02
1.450000e-06	-2.275659e-09	-2.634415e-09	-1.270314e+01	-6.589429e+02
1.460000e-06	-2.220284e-09	-2.631178e-09	-1.239392e+01	-6.580490e+02
1.470000e-06	-2.164718e-09	-2.627328e-09	-1.208362e+01	-6.569882e+02
1.480000e-06	-2.108961e-09	-2.622633e-09	-1.177224e+01	-6.557035e+02
1.490000e-06	-2.053012e-09	-2.617714e-09	-1.145979e+01	-6.543610e+02
1.500000e-06	-1.996893e-09	-2.613570e-09	-1.114637e+01	-6.532314e+02
1.510000e-06	-1.940623e-09	-2.610261e-09	-1.083213e+01	-6.523279e+02
1.520000e-06	-1.884208e-09	-2.606757e-09	-1.051708e+01	-6.513580e+02
1.530000e-06	-1.827663e-09	-2.602686e-09	-1.020130e+01	-6.502252e+02
1.540000e-06	-1.770993e-09	-2.598659e-09	-9.884852e+00	-6.491042e+02
1.550000e-06	-1.714193e-09	-2.594693e-09	-9.567661e+00	-6.480014e+02
1.560000e-06	-1.657260e-09	-2.590436e-09	-9.249691e+00	-6.468256e+02
1.570000e-06	-1.600203e-09	-2.586031e-09	-8.931022e+00	-6.456161e+02
1.580000e-06	-1.543014e-09	-2.581337e-09	-8.611618e+00	-6.443265e+02
1.590000e-06	-1.485691e-09	-2.576434e-09	-8.291478e+00	-6.429868e+02
1.600000e-06	-1.428255e-09	-2.572087e-09	-7.970728e+00	-6.418185e+02
1.610000e-06	-1.370705e-09	-2.568328e-09	-7.649361e+00	-6.408013e+02
1.620000e-06	-1.313038e-09	-2.564092e-09	-7.327337e+00	-6.396269e+02
1.630000e-06	-1.255253e-09	-2.559130e-09	-7.004654e+00	-6.382565e+02
1.640000e-06	-1.197358e-09	-2.554039e-09	-6.681359e+00	-6.368563e+02
1.650000e-06	-1.139370e-09	-2.549397e-09	-6.357509e+00	-6.355686e+02
1.660000e-06	-1.081302e-09	-2.545470e-09	-6.033215e+00	-6.344723e+02
1.670000e-06	-1.023182e-09	-2.541109e-09	-5.708630e+00	-6.332802e+02
1.680000e-06	-9.650120e-10	-2.535769e-09	-5.383748e+00	-6.318539e+02
1.690000e-06	-9.067856e-10	-2.530238e-09	-5.058547e+00	-6.303917e+02
1.700000e-06	-8.485085e-10	-2.525025e-09	-4.733088e+00	-6.290050e+02
1.710000e-06	-7.901790e-10	-2.520099e-09	-4.407344e+00	-6.276646e+02
1.720000e-06	-7.317920e-10	-2.515032e-09	-4.081272e+00	-6.262576e+02
1.730000e-06	-6.733598e-10	-2.509496e-09	-3.754947e+00	-6.247205e+02
1.740000e-06	-6.148920e-10	-2.503820e-09	-3.428412e+00	-6.231781e+02
1.750000e-06	-5.563787e-10	-2.498339e-09	-3.101629e+00	-6.217193e+02
1.760000e-06	-4.978238e-10	-2.493055e-09	-2.774624e+00	-6.203238e+02
1.770000e-06	-4.392406e-10	-2.487778e-09	-2.447454e+00	-6.189246e+02
1.780000e-06	-3.806234e-10	-2.481941e-09	-2.120095e+00	-6.173671e+02
1.790000e-06	-3.219754e-10	-2.475656e-09	-1.792569e+00	-6.156933e+02
1.800000e-06	-2.633128e-10	-2.469801e-09	-1.464951e+00	-6.141141e+02
1.810000e-06	-2.046449e-10	-2.464361e-09	-1.137305e+00	-6.126176e+02
1.820000e-06	-1.459787e-10	-2.458404e-09	-8.096870e-01	-6.110075e+02
1.830000e-06	-8.731946e-11	-2.451669e-09	-4.821167e-01	-6.092183e+02
1.840000e-06	-2.866836e-11	-2.444679e-09	-1.545931e-01	-6.073737e+02
1.850000e-06	2.998005e-11	-2.438120e-09	1.729168e-01	-6.056474e+02
1.860000e-06	8.863493e-11	-2.431995e-09	5.004589e-01	-6.040169e+02
1.870000e-06	1.472902e-10	-2.425566e-09	8.280202e-01	-6.022928e+02
1.880000e-06	2.059369e-10	-2.418793e-09	1.155558e+00	-6.004826e+02
1.890000e-06	2.645739e-10	-2.412143e-09	1.483031e+00	-5.987057e+02
1.900000e-06	3.231966e-10	-2.405595e-09	1.810404e+00	-5.969525e+02
1.910000e-06	3.818018e-10	-2.398939e-09	2.137689e+00	-5.951804e+02
1.920000e-06	4.403859e-10	-2.391951e-09	2.464854e+00	-5.933226e+02
1.930000e-06	4.989395e-10	-2.384461e-09	2.791852e+00	-5.913232e+02
1.940000e-06	5.574521e-10	-2.376645e-09	3.118638e+00	-5.892498e+02
1.950000e-06	6.159140e-10	-2.368947e-09	3.445136e+00	-5.872158e+02
1.960000e-06	6.743237e-10	-2.361425e-09	3.771327e+00	-5.852226e+02
1.970000e-06	7.326804e-10	-2.353657e-09	4.097224e+00	-5.831733e+02
1.980000e-06	7.909779e-10	-2.345775e-09	4.422813e+00	-5.810888e+02
1.990000e-06	8.492117e-10	-2.338175e-09	4.748053e+00	-5.790670e+02
2.000000e-06	9.073909e-10	-2.330758e-09	5.072973e+00	-5.770962e+02
2.010000e-06	9.655188e-10	-2.322970e-09	5.397592e+00	-5.750306e+02
2.020000e-06	1.023582e-09	-2.314458e-09	5.721864e+00	-5.727709e+02
2.030000e-06	1.081571e-09	-2.305288e-09	6.045700e+00	-5.703394e+02
2.040000e-06	1.139481e-09	-2.296127e-09	6.369056e+00	-5.679211e+02
2.050000e-06	1.197299e-09	-2.287681e-09	6.691906e+00	-5.656964e+02
2.060000e-06	1.255015e-09	-2.279521e-09	7.014172e+00	-5.635417e+02
2.070000e-06	1.312625e-09	-2.270839e-09	7.335853e+00	-5.612388e+02
2.080000e-06	1.370128e-09	-2.261524e-09	7.656946e+00	-5.587682e+02
2.090000e-06	1.427513e-09	-2.252071e-09	7.977391e+00	-5.562675e+02
2.100000e-06	1.484767e-09	-2.243057e-09	8.297107e+00	-5.538676e+02
2.110000e-06	1.541889e-09	-2.234051e-09	8.616100e+00	-5.514558e+02
2.120000e-06	1.598888e-09	-2.223982e-09	8.934400e+00	-5.487845e+02
2.130000e-06	1.655759e-09	-2.213405e-09	9.251969e+00	-5.459882e+02
2.140000e-06	1.712496e-09	-2.203491e-09	9.568790e+00	-5.433599e+02
2.150000e-06	1.769117e-09	-2.193998e-09	9.884939e+00	-5.408556e+02
2.160000e-06	1.825619e-09	-2.183938e-09	1.020043e+01	-5.382157e+02
2.170000e-06	1.881992e-09	-2.173083e-09	1.051523e+01	-5.353501e+02
2.180000e-06	1.938239e-09	-2.162006e-09	1.082932e+01	-5.324057e+02
2.190000e-06	1.994351e-09	-2.151241e-09	1.114266e+01	-5.295351e+02
2.200000e-06	2.050313e-09	-2.140893e-09	1.145513e+01	-5.267626e+02
2.210000e-06	2.106105e-09	-2.129975e-09	1.176667e+01	-5.238446e+02
2.220000e-06	2.161701e-09	-2.117881e-09	1.207709e+01	-5.206325e+02
2.230000e-06	2.217091e-09	-2.105218e-09	1.238632e+01	-5.172833e+02
2.240000e-06	2.272280e-09	-2.092451e-09	1.269443e+01	-5.139226e+02
2.250000e-06	2.327270e-09	-2.079739e-09	1.300144e+01	-5.105650e+02
2.260000e-06	2.382060e-09	-2.066831e-09	1.330737e+01	-5.071171e+02
2.270000e-06	2.436650e-09	-2.053353e-09	1.361221e+01	-5.034899e+02
2.280000e-06	2.491053e-09	-2.039646e-09	1.391602e+01	-4.997809e+02
2.290000e-06	2.545282e-09	-2.025795e-09	1.421884e+01	-4.960064e+02
2.300000e-06	2.599340e-09	-2.010602e-09	1.452071e+01	-4.918550e+02
2.310000e-06	2.653230e-09	-1.993623e-09	1.482163e+01	-4.872171e+02
2.320000e-06	2.706945e-09	-1.975576e-09	1.512158e+01	-4.822593e+02
2.330000e-06	2.760478e-09	-1.956659e-09	1.542051e+01	-4.770171e+02
2.340000e-06	2.813814e-09	-1.936888e-09	1.571836e+01	-4.714990e+02
2.350000e-06	2.866952e-09	-1.915977e-09	1.601512e+01	-4.656226e+02
2.360000e-06	2.919902e-09	-1.892783e-09	1.631083e+01	-4.590594e+02
2.370000e-06	2.972660e-09	-1.866656e-09	1.660548e+01	-4.516057e+02
2.380000e-06	3.025211e-09	-1.837595e-09	1.689895e+01	-4.432359e+02
2.390000e-06	3.077537e-09	-1.804728e-09	1.719114e+01	-4.336818e+02
2.400000e-06	3.129620e-09	-1.766737e-09	1.748193e+01	-4.225408e+02
2.410000e-06	3.181447e-09	-1.722953e-09	1.777131e+01	-4.095608e+02
2.420000e-06	3.233024e-09	-1.672711e-09	1.805934e+01	-3.944760e+02
2.430000e-06	3.284357e-09	-1.614505e-09	1.834602e+01	-3.767694e+02
2.440000e-06	3.335455e-09	-1.545376e-09	1.863140e+01	-3.555093e+02
2.450000e-06	3.386335e-09	-1.461477e-09	1.891557e+01	-3.295883e+02
2.460000e-06	3.437008e-09	-1.359929e-09	1.919856e+01	-2.982317e+02
2.470000e-06	3.487463e-09	-1.238474e-09	1.948032e+01	-2.609294e+02
2.480000e-06	3.537676e-09	-1.094323e-09	1.976076e+01	-2.172334e+02
2.490000e-06	3.587654e-09	-9.255363e-10	2.003989e+01	-1.671527e+02
2.500000e-06	3.637412e-09	-7.325258e-10	2.031779e+01	-1.115015e+02
2.510000e-06	3.686948e-09	-5.179451e-10	2.059444e+01	-5.180305e+01
2.520000e-06	3.736237e-09	-2.867659e-10	2.086967e+01	9.839801e+00
2.530000e-06	3.785245e-09	-4.581578e-11	2.114331e+01	7.108981e+01
2.540000e-06	3.833935e-09	1.971651e-10	2.141518e+01	1.297948e+02
2.550000e-06	3.882297e-09	4.341508e-10	2.168525e+01	1.841984e+02
2.560000e-06	3.930358e-09	6.573506e-10	2.195362e+01	2.330654e+02
2.570000e-06	3.978147e-09	8.611405e-10	2.222048e+01	2.759864e+02
2.580000e-06	4.025684e-09	1.043301e-09	2.248592e+01	3.133937e+02
2.590000e-06	4.072966e-09	1.203633e-09	2.274993e+01	3.460276e+02
2.600000e-06	4.119969e-09	1.343088e-09	2.301237e+01	3.746040e+02
2.610000e-06	4.166671e-09	1.464238e-09	2.327312e+01	3.999094e+02
2.620000e-06	4.213048e-09	1.570110e-09	2.353206e+01	4.225685e+02
2.630000e-06	4.259064e-09	1.663216e-09	2.378897e+01	4.429686e+02
2.640000e-06	4.304685e-09	1.746259e-09	2.404368e+01	4.615807e+02
2.650000e-06	4.349912e-09	1.821548e-09	2.429619e+01	4.787927e+02
2.660000e-06	4.394783e-09	1.890166e-09	2.454674e+01	4.946826e+02
2.670000e-06	4.439340e-09	1.953041e-09	2.479556e+01	5.093193e+02
2.680000e-06	4.483614e-09	2.011035e-09	2.504278e+01	5.228298e+02
2.690000e-06	4.527603e-09	2.064645e-09	2.528841e+01	5.353194e+02
2.700000e-06	4.571295e-09	2.114652e-09	2.553241e+01	5.469775e+02
2.710000e-06	4.614707e-09	2.161112e-09	2.577485e+01	5.578103e+02
2.720000e-06	4.657855e-09	2.203526e-09	2.601580e+01	5.676667e+02
2.730000e-06	4.700714e-09	2.242181e-09	2.625508e+01	5.766105e+02
2.740000e-06	4.743210e-09	2.277998e-09	2.649229e+01	5.848892e+02
2.750000e-06	4.785280e-09	2.311357e-09	2.672713e+01	5.925955e+02
2.760000e-06	4.826938e-09	2.342171e-09	2.695974e+01	5.997018e+02
2.770000e-06	4.868240e-09	2.370535e-09	2.719038e+01	6.062239e+02
2.780000e-06	4.909216e-09	2.396943e-09	2.741918e+01	6.122832e+02
2.790000e-06	4.949854e-09	2.421930e-09	2.764609e+01	6.180181e+02
2.800000e-06	4.990149e-09	2.445383e-09	2.787108e+01	6.233945e+02
2.810000e-06	5.030123e-09	2.466846e-09	2.809430e+01	6.283093e+02
2.820000e-06	5.069765e-09	2.486149e-09	2.831564e+01	6.327326e+02
2.830000e-06	5.109009e-09	2.503788e-09	2.853473e+01	6.367621e+02
2.840000e-06	5.147806e-09	2.520601e-09	2.875133e+01	6.406105e+02
2.850000e-06	5.186184e-09	2.536576e-09	2.896560e+01	6.442990e+02
2.860000e-06	5.224196e-09	2.551286e-09	2.917785e+01	6.477103e+02
2.870000e-06	5.261860e-09	2.564918e-09	2.938816e+01	6.508801e+02
2.880000e-06	5.299175e-09	2.577979e-09	2.959654e+01	6.539313e+02
2.890000e-06	5.336159e-09	2.590963e-09	2.980306e+01	6.569894e+02
2.900000e-06	5.372830e-09	2.603363e-09	3.000785e+01	6.599248e+02
2.910000e-06	5.409132e-09	2.614401e-09	3.021053e+01	6.625435e+02
2.920000e-06	5.444975e-09	2.624612e-09	3.041064e+01	6.649658e+02
2.930000e-06	5.480347e-09	2.634622e-09	3.060816e+01	6.673285e+02
2.940000e-06	5.515319e-09	2.644483e-09	3.080344e+01	6.696610e+02
2.950000e-06	5.549932e-09	2.653930e-09	3.099671e+01	6.718993e+02
2.960000e-06	5.584184e-09	2.662349e-09	3.118795e+01	6.738837e+02
2.970000e-06	5.618077e-09	2.669946e-09	3.137723e+01	6.756885e+02
2.980000e-06	5.651647e-09	2.677612e-09	3.156472e+01	6.775229e+02
2.990000e-06	5.684896e-09	2.685451e-09	3.175037e+01	6.793812e+02
3.000000e-06	5.717757e-09	2.692742e-09	3.193382e+01	6.811006e+02
3.010000e-06	5.750181e-09	2.699125e-09	3.211487e+01	6.826073e+02
3.020000e-06	5.782175e-09	2.704917e-09	3.229354e+01	6.839746e+02
3.030000e-06	5.813747e-09	2.710579e-09	3.246981e+01	6.853117e+02
3.040000e-06	5.844887e-09	2.716228e-09	3.264367e+01	6.866477e+02
3.050000e-06	5.875612e-09	2.721651e-09	3.281521e+01	6.879343e+02
3.060000e-06	5.905930e-09	2.726653e-09	3.298449e+01	6.891228e+02
3.070000e-06	5.935785e-09	2.731511e-09	3.315113e+01	6.902799e+02
3.080000e-06	5.965110e-09	2.736314e-09	3.331480e+01	6.914119e+02
3.090000e-06	5.993934e-09	2.740701e-09	3.347573e+01	6.924338e+02
3.100000e-06	6.022349e-09	2.744722e-09	3.363439e+01	6.933787e+02
3.110000e-06	6.050371e-09	2.748071e-09	3.379085e+01	6.941760e+02
3.120000e-06	6.077983e-09	2.751007e-09	3.394503e+01	6.948866e+02
3.130000e-06	6.105216e-09	2.754327e-09	3.409709e+01	6.956911e+02
3.140000e-06	6.132071e-09	2.757717e-09	3.424701e+01	6.965056e+02
3.150000e-06	6.158440e-09	2.760834e-09	3.439418e+01	6.972561e+02
3.160000e-06	6.184275e-09	2.763732e-09	3.453842e+01	6.979594e+02
3.170000e-06	6.209658e-09	2.766441e-09	3.468016e+01	6.986216e+02
3.180000e-06	6.234644e-09	2.769033e-09	3.481966e+01	6.992511e+02
3.190000e-06	6.259223e-09	2.771672e-09	3.495688e+01	6.998915e+02
3.200000e-06	6.283407e-09	2.774333e-09	3.509190e+01	7.005574e+02
3.210000e-06	6.307220e-09	2.776964e-09	3.522487e+01	7.012297e+02
3.220000e-06	6.330587e-09	2.779393e-09	3.535530e+01	7.018383e+02
3.230000e-06	6.353408e-09	2.781263e-09	3.548267e+01	7.023030e+02
3.240000e-06	6.375727e-09	2.782933e-09	3.560728e+01	7.027101e+02
3.250000e-06	6.397626e-09	2.784651e-09	3.572955e+01	7.031129e+02
3.260000e-06	6.419102e-09	2.786175e-09	3.584943e+01	7.034899e+02
3.270000e-06	6.440111e-09	2.787993e-09	3.596670e+01	7.039596e+02
3.280000e-06	6.460584e-09	2.790169e-09	3.608094e+01	7.045041e+02
3.290000e-06	6.480450e-09	2.792030e-09	3.619180e+01	7.049722e+02
3.300000e-06	6.499741e-09	2.793520e-09	3.629949e+01	7.053671e+02
3.310000e-06	6.518551e-09	2.794885e-09	3.640449e+01	7.057295e+02
3.320000e-06	6.536920e-09	2.796272e-09	3.650700e+01	7.060803e+02
3.330000e-06	6.554858e-09	2.797660e-09	3.660714e+01	7.064250e+02
3.340000e-06	6.572397e-09	2.799061e-09	3.670508e+01	7.067807e+02
3.350000e-06	6.589507e-09	2.800574e-09	3.680058e+01	7.071636e+02
3.360000e-06	6.606075e-09	2.802146e-09	3.689304e+01	7.075660e+02
3.370000e-06	6.622115e-09	2.803659e-09	3.698258e+01	7.079585e+02
3.380000e-06	6.637715e-09	2.804857e-09	3.706966e+01	7.082564e+02
3.390000e-06	6.652881e-09	2.805281e-09	3.715431e+01	7.083636e+02
3.400000e-06	6.667614e-09	2.805411e-09	3.723656e+01	7.084132e+02
3.410000e-06	6.681946e-09	2.806050e-09	3.731656e+01	7.085906e+02
3.420000e-06	6.695825e-09	2.806945e-09	3.739401e+01	7.088264e+02
3.430000e-06	6.709145e-09	2.807810e-09	3.746832e+01	7.090431e+02
3.440000e-06	6.721928e-09	2.808811e-09	3.753966e+01	7.092934e+02
3.450000e-06	6.734257e-09	2.809798e-09	3.760847e+01	7.095535e+02
3.460000e-06	6.746148e-09	2.810679e-09	3.767483e+01	7.097870e+02
3.470000e-06	6.757607e-09	2.811771e-09	3.773878e+01	7.100757e+02
3.480000e-06	6.768645e-09	2.812877e-09	3.780037e+01	7.103727e+02
3.490000e-06	6.779191e-09	2.813610e-09	3.785921e+01	7.105715e+02
3.500000e-06	6.789161e-09	2.814263e-09	3.791484e+01	7.107477e+02
3.510000e-06	6.798606e-09	2.814919e-09	3.796757e+01	7.109202e+02
3.520000e-06	6.807594e-09	2.815160e-09	3.801775e+01	7.109806e+02
3.530000e-06	6.816134e-09	2.815280e-09	3.806542e+01	7.110120e+02
3.540000e-06	6.824260e-09	2.815803e-09	3.811078e+01	7.111587e+02
3.550000e-06	6.831990e-09	2.816595e-09	3.815393e+01	7.113769e+02
3.560000e-06	6.839263e-09	2.817748e-09	3.819451e+01	7.116838e+02
3.570000e-06	6.846016e-09	2.819019e-09	3.823217e+01	7.120135e+02
3.580000e-06	6.852246e-09	2.819758e-09	3.826688e+01	7.121964e+02
3.590000e-06	6.857947e-09	2.820246e-09	3.829866e+01	7.123105e+02
3.600000e-06	6.863141e-09	2.820428e-09	3.832765e+01	7.123513e+02
3.610000e-06	6.867833e-09	2.820271e-09	3.835379e+01	7.123118e+02
3.620000e-06	6.871948e-09	2.820373e-09	3.837668e+01	7.123381e+02
3.630000e-06	6.875458e-09	2.820773e-09	3.839620e+01	7.124504e+02
3.640000e-06	6.878468e-09	2.821631e-09	3.841296e+01	7.126893e+02
3.650000e-06	6.881035e-09	2.822930e-09	3.842725e+01	7.130429e+02
3.660000e-06	6.883139e-09	2.824012e-09	3.843897e+01	7.133171e+02
3.670000e-06	6.884815e-09	2.824569e-09	3.844831e+01	7.134250e+02
3.680000e-06	6.886063e-09	2.824829e-09	3.845523e+01	7.134708e+02
3.690000e-06	6.886771e-09	2.824997e-09	3.845913e+01	7.135109e+02
3.700000e-06	6.886918e-09	2.825224e-09	3.845991e+01	7.135580e+02
3.710000e-06	6.886592e-09	2.825844e-09	3.845804e+01	7.137101e+02
3.720000e-06	6.885820e-09	2.826529e-09	3.845369e+01	7.138899e+02
3.730000e-06	6.884603e-09	2.826705e-09	3.844686e+01	7.139329e+02
3.740000e-06	6.882989e-09	2.826946e-09	3.843783e+01	7.139783e+02
3.750000e-06	6.880962e-09	2.827526e-09	3.842644e+01	7.140930e+02
3.760000e-06	6.878402e-09	2.827509e-09	3.841208e+01	7.140312e+02
3.770000e-06	6.875311e-09	2.828354e-09	3.839479e+01	7.142427e+02
3.780000e-06	6.871714e-09	2.835075e-09	3.837466e+01	7.161353e+02
3.790000e-06	6.867377e-09	2.837529e-09	3.835033e+01	7.167796e+02
3.800000e-06	6.862063e-09	2.819869e-09	3.832054e+01	7.118116e+02
3.810000e-06	6.856043e-09	2.814242e-09	3.828687e+01	7.103347e+02
3.820000e-06	6.849827e-09	2.837362e-09	3.825214e+01	7.168244e+02
3.830000e-06	6.843475e-09	2.841548e-09	3.821660e+01	7.179543e+02
3.840000e-06	6.836616e-09	2.815506e-09	3.817820e+01	7.106859e+02
3.850000e-06	6.829126e-09	2.810651e-09	3.813633e+01	7.092973e+02
3.860000e-06	6.821285e-09	2.837728e-09	3.809256e+01	7.168557e+02
3.870000e-06	6.813211e-09	2.841024e-09	3.804749e+01	7.178666e+02
3.880000e-06	6.804579e-09	2.812615e-09	3.799923e+01	7.099411e+02
3.890000e-06	6.795234e-09	2.809269e-09	3.794700e+01	7.088882e+02
3.900000e-06	6.785471e-09	2.836940e-09	3.789251e+01	7.166088e+02
3.910000e-06	6.775441e-09	2.838371e-09	3.783649e+01	7.171532e+02
3.920000e-06	6.764924e-09	2.810642e-09	3.777772e+01	7.094548e+02
3.930000e-06	6.753842e-09	2.811769e-09	3.771581e+01	7.095963e+02
3.940000e-06	6.742341e-09	2.836798e-09	3.765158e+01	7.164267e+02
3.950000e-06	6.730336e-09	2.830463e-09	3.758447e+01	7.146747e+02
3.960000e-06	6.717641e-09	2.808878e-09	3.751348e+01	7.087196e+02
3.970000e-06	6.704383e-09	2.822465e-09	3.743940e+01	7.125270e+02
3.980000e-06	6.690794e-09	2.842359e-09	3.736346e+01	7.180153e+02
3.990000e-06	6.676796e-09	2.824633e-09	3.728524e+01	7.129815e+02
4.000000e-06	6.662303e-09	2.811145e-09	3.720424e+01	7.092351e+02
4.010000e-06	6.647391e-09	2.832531e-09	3.712087e+01	7.153583e+02
4.020000e-06	6.632030e-09	2.836907e-09	3.703496e+01	7.167024e+02
4.030000e-06	6.616087e-09	2.813833e-09	3.694582e+01	7.102898e+02
4.040000e-06	6.599613e-09	2.816432e-09	3.685376e+01	7.110778e+02
4.050000e-06	6.582747e-09	2.834132e-09	3.675951e+01	7.160100e+02
4.060000e-06	6.565484e-09	2.820202e-09	3.666306e+01	7.119288e+02
4.070000e-06	6.547777e-09	2.806007e-09	3.656414e+01	7.078904e+02
4.080000e-06	6.529639e-09	2.824326e-09	3.646279e+01	7.131982e+02
4.090000e-06	6.511012e-09	2.829910e-09	3.635870e+01	7.148299e+02
4.100000e-06	6.491801e-09	2.810916e-09	3.625133e+01	7.094437e+02
4.110000e-06	6.472038e-09	2.815469e-09	3.614090e+01	7.108398e+02
4.120000e-06	6.451835e-09	2.831438e-09	3.602805e+01	7.153022e+02
4.130000e-06	6.431213e-09	2.818503e-09	3.591284e+01	7.113821e+02
4.140000e-06	6.410080e-09	2.809622e-09	3.579475e+01	7.088953e+02
4.150000e-06	6.388361e-09	2.825212e-09	3.567340e+01	7.134753e+02
4.160000e-06	6.366094e-09	2.823333e-09	3.554902e+01	7.127345e+02
4.170000e-06	6.343379e-09	2.808604e-09	3.542214e+01	7.084579e+02
4.180000e-06	6.320237e-09	2.816360e-09	3.529286e+01	7.108940e+02
4.190000e-06	6.296661e-09	2.822008e-09	3.516117e+01	7.123925e+02
4.200000e-06	6.272686e-09	2.811192e-09	3.502726e+01	7.090787e+02
4.210000e-06	6.248296e-09	2.813489e-09	3.489101e+01	7.098879e+02
4.220000e-06	6.223379e-09	2.820643e-09	3.475181e+01	7.119852e+02
4.230000e-06	6.197928e-09	2.812049e-09	3.460963e+01	7.093296e+02
4.240000e-06	6.172023e-09	2.809673e-09	3.446493e+01	7.087275e+02
4.250000e-06	6.145679e-09	2.815944e-09	3.431775e+01	7.107142e+02
4.260000e-06	6.118900e-09	2.810010e-09	3.416818e+01	7.089261e+02
4.270000e-06	6.091752e-09	2.805995e-09	3.401655e+01	7.076457e+02
4.280000e-06	6.064217e-09	2.812025e-09	3.386274e+01	7.094291e+02
4.290000e-06	6.036190e-09	2.808786e-09	3.370617e+01	7.085672e+02
4.300000e-06	6.007655e-09	2.803452e-09	3.354678e+01	7.070002e+02
4.310000e-06	5.978680e-09	2.807752e-09	3.338496e+01	7.081838e+02
4.320000e-06	5.949297e-09	2.806464e-09	3.322087e+01	7.078501e+02
4.330000e-06	5.919511e-09	2.800772e-09	3.305451e+01	7.062505e+02
4.340000e-06	5.889287e-09	2.803321e-09	3.288567e+01	7.069361e+02
4.350000e-06	5.858569e-09	2.804245e-09	3.271405e+01	7.071735e+02
4.360000e-06	5.827334e-09	2.799882e-09	3.253953e+01	7.059199e+02
4.370000e-06	5.795590e-09	2.800344e-09	3.236220e+01	7.059723e+02
4.380000e-06	5.763393e-09	2.800286e-09	3.218239e+01	7.059410e+02
4.390000e-06	5.730807e-09	2.795609e-09	3.200039e+01	7.047354e+02
4.400000e-06	5.697841e-09	2.794660e-09	3.181626e+01	7.045080e+02
4.410000e-06	5.664514e-09	2.795447e-09	3.163013e+01	7.046390e+02
4.420000e-06	5.630869e-09	2.792890e-09	3.144219e+01	7.038916e+02
4.430000e-06	5.596869e-09	2.792851e-09	3.125223e+01	7.038764e+02
4.440000e-06	5.562411e-09	2.794032e-09	3.105971e+01	7.041400e+02
4.450000e-06	5.527479e-09	2.791159e-09	3.086456e+01	7.033097e+02
4.460000e-06	5.492140e-09	2.788731e-09	3.066716e+01	7.026252e+02
4.470000e-06	5.456431e-09	2.788354e-09	3.046771e+01	7.024756e+02
4.480000e-06	5.420366e-09	2.785804e-09	3.026629e+01	7.017830e+02
4.490000e-06	5.383937e-09	2.783104e-09	3.006284e+01	7.010911e+02
4.500000e-06	5.347150e-09	2.782533e-09	2.985738e+01	7.009056e+02
4.510000e-06	5.310013e-09	2.782101e-09	2.964995e+01	7.007151e+02
4.520000e-06	5.272464e-09	2.781098e-09	2.944022e+01	7.003931e+02
4.530000e-06	5.234438e-09	2.779632e-09	2.922782e+01	6.999777e+02
4.540000e-06	5.196002e-09	2.777301e-09	2.901314e+01	6.993509e+02
4.550000e-06	5.157231e-09	2.774951e-09	2.879660e+01	6.986937e+02
4.560000e-06	5.118124e-09	2.773191e-09	2.857819e+01	6.981525e+02
4.570000e-06	5.078693e-09	2.771546e-09	2.835797e+01	6.976718e+02
4.580000e-06	5.038975e-09	2.770284e-09	2.813618e+01	6.973306e+02
4.590000e-06	4.998959e-09	2.769217e-09	2.791270e+01	6.970228e+02
4.600000e-06	4.958575e-09	2.767599e-09	2.768713e+01	6.965464e+02
4.610000e-06	4.917747e-09	2.765781e-09	2.745905e+01	6.960062e+02
4.620000e-06	4.876478e-09	2.763979e-09	2.722848e+01	6.954737e+02
4.630000e-06	4.834834e-09	2.761631e-09	2.699588e+01	6.948255e+02
4.640000e-06	4.792853e-09	2.759292e-09	2.676142e+01	6.941818e+02
4.650000e-06	4.750530e-09	2.757722e-09	2.652505e+01	6.937101e+02
4.660000e-06	4.707875e-09	2.756415e-09	2.628683e+01	6.932887e+02
4.670000e-06	4.664935e-09	2.754449e-09	2.604703e+01	6.927177e+02
4.680000e-06	4.621730e-09	2.752054e-09	2.580574e+01	6.920723e+02
4.690000e-06	4.578230e-09	2.749779e-09	2.556282e+01	6.914561e+02
4.700000e-06	4.534415e-09	2.747552e-09	2.531814e+01	6.908183e+02
4.710000e-06	4.490285e-09	2.745138e-09	2.507166e+01	6.901191e+02
4.720000e-06	4.445813e-09	2.742966e-09	2.482323e+01	6.895058e+02
4.730000e-06	4.401011e-09	2.740769e-09	2.457296e+01	6.889125e+02
4.740000e-06	4.355897e-09	2.738268e-09	2.432097e+01	6.882328e+02
4.750000e-06	4.310420e-09	2.735924e-09	2.406696e+01	6.875589e+02
4.760000e-06	4.264573e-09	2.733722e-09	2.381087e+01	6.869181e+02
4.770000e-06	4.218393e-09	2.731466e-09	2.355294e+01	6.862813e+02
4.780000e-06	4.171891e-09	2.729137e-09	2.329320e+01	6.856247e+02
4.790000e-06	4.125042e-09	2.726334e-09	2.303153e+01	6.848444e+02
4.800000e-06	4.077844e-09	2.723453e-09	2.276793e+01	6.840387e+02
4.810000e-06	4.030290e-09	2.720844e-09	2.250234e+01	6.832971e+02
4.820000e-06	3.982400e-09	2.717945e-09	2.223487e+01	6.825074e+02
4.830000e-06	3.934232e-09	2.714842e-09	2.196587e+01	6.816751e+02
4.840000e-06	3.885815e-09	2.712296e-09	2.169546e+01	6.809640e+02
4.850000e-06	3.837141e-09	2.710022e-09	2.142362e+01	6.803073e+02
4.860000e-06	3.788223e-09	2.707538e-09	2.115042e+01	6.795979e+02
4.870000e-06	3.739076e-09	2.705175e-09	2.087594e+01	6.789328e+02
4.880000e-06	3.689693e-09	2.702761e-09	2.060014e+01	6.782775e+02
4.890000e-06	3.640054e-09	2.700054e-09	2.032291e+01	6.775353e+02
4.900000e-06	3.590140e-09	2.696994e-09	2.004414e+01	6.766735e+02
4.910000e-06	3.539931e-09	2.693879e-09	1.976372e+01	6.758101e+02
4.920000e-06	3.489427e-09	2.691126e-09	1.948165e+01	6.750553e+02
4.930000e-06	3.438641e-09	2.688457e-09	1.919799e+01	6.743088e+02
4.940000e-06	3.387588e-09	2.685432e-09	1.891286e+01	6.734683e+02
4.950000e-06	3.336297e-09	2.682625e-09	1.862644e+01	6.726830e+02
4.960000e-06	3.284781e-09	2.679989e-09	1.833877e+01	6.719379e+02
4.970000e-06	3.233068e-09	2.676769e-09	1.805000e+01	6.710663e+02
4.980000e-06	3.181159e-09	2.673328e-09	1.776010e+01	6.701481e+02
4.990000e-06	3.129037e-09	2.670257e-09	1.746901e+01	6.692923e+02
5.000000e-06	3.076712e-09	2.667625e-09	1.717679e+01	6.685252e+02
5.010000e-06	3.024204e-09	2.665185e-09	1.688355e+01	6.678111e+02
5.020000e-06	2.971517e-09	2.661998e-09	1.658929e+01	6.669220e+02
5.030000e-06	2.918625e-09	2.658134e-09	1.629388e+01	6.658759e+02
5.040000e-06	2.865503e-09	2.654225e-09	1.599721e+01	6.648234e+02
5.050000e-06	2.812145e-09	2.650232e-09	1.569922e+01	6.637676e+02
5.060000e-06	2.758565e-09	2.646695e-09	1.539998e+01	6.628319e+02
5.070000e-06	2.704772e-09	2.643932e-09	1.509957e+01	6.620661e+02
5.080000e-06	2.650767e-09	2.641211e-09	1.479798e+01	6.612753e+02
5.090000e-06	2.596558e-09	2.638521e-09	1.449522e+01	6.604606e+02
5.100000e-06	2.542159e-09	2.635830e-09	1.419138e+01	6.596448e+02
5.110000e-06	2.487589e-09	2.632348e-09	1.388663e+01	6.586758e+02
5.120000e-06	2.432870e-09	2.628153e-09	1.358105e+01	6.575689e+02
5.130000e-06	2.378009e-09	2.623846e-09	1.327468e+01	6.564353e+02
5.140000e-06	2.323000e-09	2.619839e-09	1.296746e+01	6.553625e+02
5.150000e-06	2.267835e-09	2.616608e-09	1.265936e+01	6.544751e+02
5.160000e-06	2.212511e-09	2.613965e-09	1.235038e+01	6.537137e+02
5.170000e-06	2.157033e-09	2.610985e-09	1.204052e+01	6.528492e+02
5.180000e-06	2.101389e-09	2.607286e-09	1.172975e+01	6.518026e+02
5.190000e-06	2.045571e-09	2.603128e-09	1.141801e+01	6.506485e+02
5.200000e-06	1.989585e-09	2.598913e-09	1.110529e+01	6.495003e+02
5.210000e-06	1.933444e-09	2.594611e-09	1.079170e+01	6.483563e+02
5.220000e-06	1.877147e-09	2.590263e-09	1.047726e+01	6.472093e+02
5.230000e-06	1.820706e-09	2.586089e-09	1.016202e+01	6.460756e+02
5.240000e-06	1.764124e-09	2.582064e-09	9.846016e+00	6.449481e+02
5.250000e-06	1.707399e-09	2.578375e-09	9.529242e+00	6.439151e+02
5.260000e-06	1.650537e-09	2.574797e-09	9.211699e+00	6.429262e+02
5.270000e-06	1.593523e-09	2.570323e-09	8.893297e+00	6.417038e+02
5.280000e-06	1.536364e-09	2.565264e-09	8.574088e+00	6.403378e+02
5.290000e-06	1.479086e-09	2.560991e-09	8.254227e+00	6.391823e+02
5.300000e-06	1.421693e-09	2.557254e-09	7.933720e+00	6.381652e+02
5.310000e-06	1.364188e-09	2.553195e-09	7.612574e+00	6.370664e+02
5.320000e-06	1.306576e-09	2.548777e-09	7.290820e+00	6.358714e+02
5.330000e-06	1.248859e-09	2.543926e-09	6.968466e+00	6.345421e+02
5.340000e-06	1.191043e-09	2.539154e-09	6.645579e+00	6.332299e+02
5.350000e-06	1.133149e-09	2.534957e-09	6.322286e+00	6.320998e+02
5.360000e-06	1.075197e-09	2.530607e-09	5.998674e+00	6.309431e+02
5.370000e-06	1.017196e-09	2.525508e-09	5.674792e+00	6.295734e+02
5.380000e-06	9.591527e-10	2.520318e-09	5.350673e+00	6.281658e+02
5.390000e-06	9.010649e-10	2.515684e-09	5.026293e+00	6.269027e+02
5.400000e-06	8.429259e-10	2.511064e-09	4.701617e+00	6.256454e+02
5.410000e-06	7.847341e-10	2.505735e-09	4.376653e+00	6.242198e+02
5.420000e-06	7.264867e-10	2.499818e-09	4.051391e+00	6.226486e+02
5.430000e-06	6.681802e-10	2.493954e-09	3.725812e+00	6.210772e+02
5.440000e-06	6.098228e-10	2.488681e-09	3.399928e+00	6.196551e+02
5.450000e-06	5.514312e-10	2.483757e-09	3.073821e+00	6.183322e+02
5.460000e-06	4.930182e-10	2.478819e-09	2.747587e+00	6.170088e+02
5.470000e-06	4.345741e-10	2.473773e-09	2.421197e+00	6.156520e+02
5.480000e-06	3.760907e-10	2.468285e-09	2.094610e+00	6.141794e+02
5.490000e-06	3.175804e-10	2.462388e-09	1.767897e+00	6.126034e+02
5.500000e-06	2.590623e-10	2.456264e-09	1.441138e+00	6.109796e+02
5.510000e-06	2.005371e-10	2.449723e-09	1.114328e+00	6.092611e+02
5.520000e-06	1.420062e-10	2.443040e-09	7.874906e-01	6.074973e+02
5.530000e-06	8.347453e-11	2.437237e-09	4.606503e-01	6.059328e+02
5.540000e-06	2.494502e-11	2.431984e-09	1.338181e-01	6.045005e+02
5.550000e-06	-3.358354e-11	2.426469e-09	-1.930172e-01	6.030190e+02
5.560000e-06	-9.211572e-11	2.420764e-09	-5.198770e-01	6.014969e+02
5.570000e-06	-1.506432e-10	2.414403e-09	-8.467075e-01	5.998025e+02
5.580000e-06	-2.091630e-10	2.407182e-09	-1.173496e+00	5.978838e+02
5.590000e-06	-2.676714e-10	2.399754e-09	-1.500213e+00	5.959071e+02
5.600000e-06	-3.261603e-10	2.392206e-09	-1.826814e+00	5.939032e+02
5.610000e-06	-3.846252e-10	2.384782e-09	-2.153288e+00	5.919423e+02
5.620000e-06	-4.430613e-10	2.378174e-09	-2.479604e+00	5.901826e+02
5.630000e-06	-5.014663e-10	2.372153e-09	-2.805741e+00	5.885494e+02
5.640000e-06	-5.598340e-10	2.366087e-09	-3.131677e+00	5.869066e+02
5.650000e-06	-6.181516e-10	2.359453e-09	-3.457352e+00	5.851389e+02
5.660000e-06	-6.764143e-10	2.352078e-09	-3.782711e+00	5.831868e+02
5.670000e-06	-7.346218e-10	2.344446e-09	-4.107747e+00	5.811522e+02
5.680000e-06	-7.927772e-10	2.336648e-09	-4.432491e+00	5.790529e+02
5.690000e-06	-8.508881e-10	2.328143e-09	-4.756980e+00	5.767798e+02
5.700000e-06	-9.089526e-10	2.319449e-09	-5.081195e+00	5.744859e+02
5.710000e-06	-9.669631e-10	2.311427e-09	-5.405112e+00	5.723822e+02
5.720000e-06	-1.024921e-09	2.303800e-09	-5.728745e+00	5.703742e+02
5.730000e-06	-1.082821e-09	2.296443e-09	-6.052079e+00	5.684046e+02
5.740000e-06	-1.140651e-09	2.289212e-09	-6.375020e+00	5.664453e+02
5.750000e-06	-1.198405e-09	2.281226e-09	-6.697523e+00	5.642979e+02
5.760000e-06	-1.256068e-09	2.272507e-09	-7.019535e+00	5.619743e+02
5.770000e-06	-1.313633e-09	2.263345e-09	-7.340986e+00	5.595429e+02
5.780000e-06	-1.371089e-09	2.253698e-09	-7.661801e+00	5.569926e+02
5.790000e-06	-1.428415e-09	2.244017e-09	-7.981897e+00	5.544430e+02
5.800000e-06	-1.485605e-09	2.234713e-09	-8.301252e+00	5.519867e+02
5.810000e-06	-1.542658e-09	2.225678e-09	-8.619848e+00	5.495897e+02
5.820000e-06	-1.599579e-09	2.216884e-09	-8.937696e+00	5.472471e+02
5.830000e-06	-1.656371e-09	2.208206e-09	-9.254821e+00	5.449115e+02
5.840000e-06	-1.713025e-09	2.198993e-09	-9.571210e+00	5.424321e+02
5.850000e-06	-1.769540e-09	2.188745e-09	-9.886830e+00	5.397139e+02
5.860000e-06	-1.825910e-09	2.177665e-09	-1.020162e+01	5.367997e+02
5.870000e-06	-1.882118e-09	2.166410e-09	-1.051551e+01	5.338364e+02
5.880000e-06	-1.938161e-09	2.155405e-09	-1.082848e+01	5.309273e+02
5.890000e-06	-1.994045e-09	2.144713e-09	-1.114058e+01	5.280938e+02
5.900000e-06	-2.049777e-09	2.134069e-09	-1.145178e+01	5.252685e+02
5.910000e-06	-2.105356e-09	2.123049e-09	-1.176214e+01	5.223382e+02
5.920000e-06	-2.160774e-09	2.111554e-09	-1.207160e+01	5.192774e+02
5.930000e-06	-2.216033e-09	2.099778e-09	-1.238018e+01	5.161380e+02
5.940000e-06	-2.271130e-09	2.087603e-09	-1.268786e+01	5.128897e+02
5.950000e-06	-2.326068e-09	2.074869e-09	-1.299465e+01	5.094951e+02
5.960000e-06	-2.380860e-09	2.062049e-09	-1.330063e+01	5.060883e+02
5.970000e-06	-2.435521e-09	2.049380e-09	-1.360585e+01	5.026987e+02
5.980000e-06	-2.490040e-09	2.036066e-09	-1.391027e+01	4.990793e+02
5.990000e-06	-2.544393e-09	2.021257e-09	-1.421375e+01	4.950408e+02
6.000000e-06	-2.598560e-09	2.005207e-09	-1.451619e+01	4.906709e+02
6.010000e-06	-2.652523e-09	1.988821e-09	-1.481751e+01	4.861794e+02
6.020000e-06	-2.706267e-09	1.971908e-09	-1.511764e+01	4.815172e+02
6.030000e-06	-2.759787e-09	1.953876e-09	-1.541655e+01	4.765349e+02
6.040000e-06	-2.813088e-09	1.934740e-09	-1.571424e+01	4.712269e+02
6.050000e-06	-2.866168e-09	1.914154e-09	-1.601068e+01	4.654938e+02
6.060000e-06	-2.919030e-09	1.891583e-09	-1.630589e+01	4.591567e+02
6.070000e-06	-2.971687e-09	1.866397e-09	-1.659993e+01	4.519986e+02
6.080000e-06	-3.024149e-09	1.838028e-09	-1.689286e+01	4.438507e+02
6.090000e-06	-3.076422e-09	1.806239e-09	-1.718473e+01	4.346349e+02
6.100000e-06	-3.128488e-09	1.770529e-09	-1.747546e+01	4.241643e+02
6.110000e-06	-3.180341e-09	1.730183e-09	-1.776503e+01	4.121829e+02
6.120000e-06	-3.231999e-09	1.683801e-09	-1.805349e+01	3.982426e+02
6.130000e-06	-3.283477e-09	1.628894e-09	-1.834093e+01	3.815705e+02
6.140000e-06	-3.334769e-09	1.562911e-09	-1.862735e+01	3.613591e+02
6.150000e-06	-3.385851e-09	1.483664e-09	-1.891261e+01	3.369161e+02
6.160000e-06	-3.436687e-09	1.388453e-09	-1.919647e+01	3.074720e+02
6.170000e-06	-3.487240e-09	1.274009e-09	-1.947879e+01	2.722256e+02
6.180000e-06	-3.537496e-09	1.137438e-09	-1.975948e+01	2.306558e+02
6.190000e-06	-3.587461e-09	9.771464e-10	-2.003856e+01	1.827540e+02
6.200000e-06	-3.637147e-09	7.932915e-10	-2.031605e+01	1.291864e+02
6.210000e-06	-3.686568e-09	5.876569e-10	-2.059202e+01	7.123135e+01
6.220000e-06	-3.735732e-09	3.632328e-10	-2.086654e+01	1.049815e+01
6.230000e-06	-3.784629e-09	1.253712e-10	-2.113957e+01	-5.095501e+01
6.240000e-06	-3.833257e-09	-1.173600e-10	-2.141111e+01	-1.106201e+02
6.250000e-06	-3.881635e-09	-3.559779e-10	-2.168125e+01	-1.663515e+02
6.260000e-06	-3.929769e-09	-5.832350e-10	-2.195004e+01	-2.168692e+02
6.270000e-06	-3.977641e-09	-7.933143e-10	-2.221736e+01	-2.616144e+02
6.280000e-06	-4.025209e-09	-9.825507e-10	-2.248295e+01	-3.007161e+02
6.290000e-06	-4.072430e-09	-1.149474e-09	-2.274660e+01	-3.347063e+02
6.300000e-06	-4.119286e-09	-1.294278e-09	-2.300825e+01	-3.642334e+02
6.310000e-06	-4.165786e-09	-1.419337e-09	-2.326794e+01	-3.901321e+02
6.320000e-06	-4.211960e-09	-1.528570e-09	-2.352579e+01	-4.133152e+02
6.330000e-06	-4.257816e-09	-1.625214e-09	-2.378184e+01	-4.343751e+02
6.340000e-06	-4.303316e-09	-1.711338e-09	-2.403591e+01	-4.535906e+02
6.350000e-06	-4.348425e-09	-1.788867e-09	-2.428779e+01	-4.712049e+02
6.360000e-06	-4.393148e-09	-1.859397e-09	-2.453752e+01	-4.874237e+02
6.370000e-06	-4.437521e-09	-1.924217e-09	-2.478527e+01	-5.024564e+02
6.380000e-06	-4.481584e-09	-1.984117e-09	-2.503127e+01	-5.164131e+02
6.390000e-06	-4.525364e-09	-2.039272e-09	-2.527570e+01	-5.292830e+02
6.400000e-06	-4.568867e-09	-2.089716e-09	-2.551860e+01	-5.410598e+02
6.410000e-06	-4.612093e-09	-2.136168e-09	-2.575998e+01	-5.518986e+02
6.420000e-06	-4.655042e-09	-2.179634e-09	-2.599982e+01	-5.620174e+02
6.430000e-06	-4.697693e-09	-2.219858e-09	-2.623798e+01	-5.713248e+02
6.440000e-06	-4.740014e-09	-2.256498e-09	-2.647428e+01	-5.797441e+02
6.450000e-06	-4.782005e-09	-2.290191e-09	-2.670873e+01	-5.874674e+02
6.460000e-06	-4.823662e-09	-2.321478e-09	-2.694133e+01	-5.946365e+02
6.470000e-06	-4.864949e-09	-2.350690e-09	-2.717187e+01	-6.013427e+02
6.480000e-06	-4.905826e-09	-2.377974e-09	-2.740011e+01	-6.076389e+02
6.490000e-06	-4.946288e-09	-2.402978e-09	-2.762604e+01	-6.134257e+02
6.500000e-06	-4.986386e-09	-2.425710e-09	-2.784994e+01	-6.186821e+02
6.510000e-06	-5.026165e-09	-2.447075e-09	-2.807203e+01	-6.236173e+02
6.520000e-06	-5.065623e-09	-2.467548e-09	-2.829233e+01	-6.283393e+02
6.530000e-06	-5.104740e-09	-2.487014e-09	-2.851072e+01	-6.328202e+02
6.540000e-06	-5.143524e-09	-2.505439e-09	-2.872726e+01	-6.370589e+02
6.550000e-06	-5.182013e-09	-2.522059e-09	-2.894216e+01	-6.408821e+02
6.560000e-06	-5.220193e-09	-2.536901e-09	-2.915534e+01	-6.443137e+02
6.570000e-06	-5.257980e-09	-2.551419e-09	-2.936635e+01	-6.476952e+02
6.580000e-06	-5.295317e-09	-2.565313e-09	-2.957487e+01	-6.509196e+02
6.590000e-06	-5.332233e-09	-2.577634e-09	-2.978101e+01	-6.537700e+02
6.600000e-06	-5.368768e-09	-2.589177e-09	-2.998498e+01	-6.564659e+02
6.610000e-06	-5.404911e-09	-2.600420e-09	-3.018676e+01	-6.591076e+02
6.620000e-06	-5.440663e-09	-2.611045e-09	-3.038637e+01	-6.615981e+02
6.630000e-06	-5.476070e-09	-2.621088e-09	-3.058407e+01	-6.639532e+02
6.640000e-06	-5.511160e-09	-2.630574e-09	-3.078000e+01	-6.661879e+02
6.650000e-06	-5.545866e-09	-2.639291e-09	-3.097377e+01	-6.682578e+02
6.660000e-06	-5.580105e-09	-2.647486e-09	-3.116494e+01	-6.702119e+02
6.670000e-06	-5.613906e-09	-2.655620e-09	-3.135368e+01	-6.721382e+02
6.680000e-06	-5.647341e-09	-2.663311e-09	-3.154037e+01	-6.739314e+02
6.690000e-06	-5.680419e-09	-2.670451e-09	-3.172509e+01	-6.755897e+02
6.700000e-06	-5.713119e-09	-2.677674e-09	-3.190769e+01	-6.773110e+02
6.710000e-06	-5.745445e-09	-2.685054e-09	-3.208819e+01	-6.790928e+02
6.720000e-06	-5.777420e-09	-2.691776e-09	-3.226670e+01	-6.807009e+02
6.730000e-06	-5.808989e-09	-2.697313e-09	-3.244295e+01	-6.820132e+02
6.740000e-06	-5.840050e-09	-2.702187e-09	-3.261638e+01	-6.831620e+02
6.750000e-06	-5.870585e-09	-2.706996e-09	-3.278689e+01	-6.843046e+02
6.760000e-06	-5.900643e-09	-2.711971e-09	-3.295473e+01	-6.854927e+02
6.770000e-06	-5.930269e-09	-2.717143e-09	-3.312013e+01	-6.867215e+02
6.780000e-06	-5.959497e-09	-2.722191e-09	-3.328331e+01	-6.879197e+02
6.790000e-06	-5.988359e-09	-2.726689e-09	-3.344446e+01	-6.889913e+02
6.800000e-06	-6.016813e-09	-2.730727e-09	-3.360330e+01	-6.899705e+02
6.810000e-06	-6.044762e-09	-2.734568e-09	-3.375934e+01	-6.909199e+02
6.820000e-06	-6.072229e-09	-2.738290e-09	-3.391269e+01	-6.918238e+02
6.830000e-06	-6.099297e-09	-2.741814e-09	-3.406380e+01	-6.926533e+02
6.840000e-06	-6.125978e-09	-2.744763e-09	-3.421275e+01	-6.933444e+02
6.850000e-06	-6.152251e-09	-2.747496e-09	-3.435941e+01	-6.939987e+02
6.860000e-06	-6.178124e-09	-2.750874e-09	-3.450383e+01	-6.948296e+02
6.870000e-06	-6.203595e-09	-2.754482e-09	-3.464603e+01	-6.957222e+02
6.880000e-06	-6.228566e-09	-2.757296e-09	-3.478543e+01	-6.964096e+02
6.890000e-06	-6.252996e-09	-2.759679e-09	-3.492183e+01	-6.969948e+02
6.900000e-06	-6.277003e-09	-2.762714e-09	-3.505585e+01	-6.977583e+02
6.910000e-06	-6.300627e-09	-2.766014e-09	-3.518774e+01	-6.985816e+02
6.920000e-06	-6.323815e-09	-2.768474e-09	-3.531719e+01	-6.991755e+02
6.930000e-06	-6.346568e-09	-2.770303e-09	-3.544421e+01	-6.996181e+02
6.940000e-06	-6.368917e-09	-2.772430e-09	-3.556899e+01	-7.001561e+02
6.950000e-06	-6.390771e-09	-2.774578e-09	-3.569101e+01	-7.007082e+02
6.960000e-06	-6.412044e-09	-2.776338e-09	-3.580977e+01	-7.011683e+02
6.970000e-06	-6.432795e-09	-2.778384e-09	-3.592560e+01	-7.016932e+02
6.980000e-06	-6.453065e-09	-2.780675e-09	-3.603874e+01	-7.022548e+02
6.990000e-06	-6.472784e-09	-2.782805e-09	-3.614882e+01	-7.027741e+02
7.000000e-06	-6.491907e-09	-2.784867e-09	-3.625560e+01	-7.032961e+02
7.010000e-06	-6.510534e-09	-2.786394e-09	-3.635959e+01	-7.036881e+02
7.020000e-06	-6.528756e-09	-2.787237e-09	-3.646132e+01	-7.039124e+02
7.030000e-06	-6.546599e-09	-2.788154e-09	-3.656091e+01	-7.041675e+02
7.040000e-06	-6.564080e-09	-2.789696e-09	-3.665847e+01	-7.045794e+02
7.050000e-06	-6.581154e-09	-2.791694e-09	-3.675376e+01	-7.051129e+02
7.060000e-06	-6.597784e-09	-2.793527e-09	-3.684659e+01	-7.056044e+02
7.070000e-06	-6.614003e-09	-2.794885e-09	-3.693710e+01	-7.059370e+02
7.080000e-06	-6.629807e-09	-2.796197e-09	-3.702531e+01	-7.062377e+02
7.090000e-06	-6.645081e-09	-2.797559e-09	-3.711059e+01	-7.065766e+02
7.100000e-06	-6.659807e-09	-2.798439e-09	-3.719281e+01	-7.068215e+02
7.110000e-06	-6.674100e-09	-2.799316e-09	-3.727259e+01	-7.070726e+02
7.120000e-06	-6.687964e-09	-2.800757e-09	-3.734998e+01	-7.074574e+02
7.130000e-06	-6.701352e-09	-2.802166e-09	-3.742472e+01	-7.078262e+02
7.140000e-06	-6.714296e-09	-2.803165e-09	-3.749695e+01	-7.080933e+02
7.150000e-06	-6.726780e-09	-2.804056e-09	-3.756662e+01	-7.083345e+02
7.160000e-06	-6.738710e-09	-2.804972e-09	-3.763320e+01	-7.085716e+02
7.170000e-06	-6.750117e-09	-2.805816e-09	-3.769685e+01	-7.087848e+02
7.180000e-06	-6.761082e-09	-2.806677e-09	-3.775805e+01	-7.089981e+02
7.190000e-06	-6.771582e-09	-2.807906e-09	-3.781664e+01	-7.093196e+02
7.200000e-06	-6.781610e-09	-2.809238e-09	-3.787258e+01	-7.096892e+02
7.210000e-06	-6.791227e-09	-2.809809e-09	-3.792624e+01	-7.098538e+02
7.220000e-06	-6.800384e-09	-2.810017e-09	-3.797733e+01	-7.099109e+02
7.230000e-06	-6.808972e-09	-2.810557e-09	-3.802524e+01	-7.100421e+02
7.240000e-06	-6.817056e-09	-2.811285e-09	-3.807033e+01	-7.102312e+02
7.250000e-06	-6.824714e-09	-2.812367e-09	-3.811305e+01	-7.105336e+02
7.260000e-06	-6.831916e-09	-2.813487e-09	-3.815321e+01	-7.108445e+02
7.270000e-06	-6.838668e-09	-2.814187e-09	-3.819088e+01	-7.110337e+02
7.280000e-06	-6.844967e-09	-2.815038e-09	-3.822603e+01	-7.112551e+02
7.290000e-06	-6.850708e-09	-2.816078e-09	-3.825807e+01	-7.115203e+02
7.300000e-06	-6.855834e-09	-2.816756e-09	-3.828667e+01	-7.116815e+02
7.310000e-06	-6.860413e-09	-2.817182e-09	-3.831223e+01	-7.117665e+02
7.320000e-06	-6.864504e-09	-2.817782e-09	-3.833504e+01	-7.119031e+02
7.330000e-06	-6.868133e-09	-2.818857e-09	-3.835526e+01	-7.121724e+02
7.340000e-06	-6.871333e-09	-2.820074e-09	-3.837310e+01	-7.124787e+02
7.350000e-06	-6.874045e-09	-2.820642e-09	-3.838822e+01	-7.126335e+02
7.360000e-06	-6.876195e-09	-2.820830e-09	-3.840018e+01	-7.126921e+02
7.370000e-06	-6.877858e-09	-2.821362e-09	-3.840941e+01	-7.128156e+02
7.380000e-06	-6.879099e-09	-2.822022e-09	-3.841629e+01	-7.129646e+02
7.390000e-06	-6.879886e-09	-2.822587e-09	-3.842063e+01	-7.130985e+02
