# Temperatura_=_25.27608695652174
# Concentracion g/m^3_=_11700.0
# C_Vs_to_Am_M_A/Vsm_=_254322799225.57578
# pendiente_HvsI_1/m_=_3716.3
# ordenada_HvsI_A/m_=_1297.0
# frecuencia_Hz_=_135187.3442175812
# Promedio de 46 ciclos

Tiempo_(s)	Campo_(V.s)	Magnetizacion_(V.s)	Campo_(kA/m)	Magnetizacion_(A/m)
0.000000e+00	-6.855940e-09	-2.959313e-09	-3.843595e+01	-7.841202e+02
1.000000e-08	-6.855919e-09	-2.959697e-09	-3.843584e+01	-7.842174e+02
2.000000e-08	-6.855415e-09	-2.960155e-09	-3.843302e+01	-7.843179e+02
3.000000e-08	-6.854335e-09	-2.960615e-09	-3.842698e+01	-7.844288e+02
4.000000e-08	-6.852795e-09	-2.961455e-09	-3.841837e+01	-7.846512e+02
5.000000e-08	-6.850846e-09	-2.962787e-09	-3.840745e+01	-7.849932e+02
6.000000e-08	-6.848419e-09	-2.963679e-09	-3.839385e+01	-7.852224e+02
7.000000e-08	-6.845539e-09	-2.964241e-09	-3.837772e+01	-7.853793e+02
8.000000e-08	-6.842175e-09	-2.965876e-09	-3.835888e+01	-7.858099e+02
9.000000e-08	-6.838006e-09	-2.963064e-09	-3.833554e+01	-7.850492e+02
1.000000e-07	-6.832772e-09	-2.951696e-09	-3.830621e+01	-7.820023e+02
1.100000e-07	-6.826776e-09	-2.951155e-09	-3.827259e+01	-7.818191e+02
1.200000e-07	-6.820722e-09	-2.975670e-09	-3.823864e+01	-7.883611e+02
1.300000e-07	-6.814582e-09	-2.978389e-09	-3.820424e+01	-7.891775e+02
1.400000e-07	-6.807774e-09	-2.947745e-09	-3.816612e+01	-7.809910e+02
1.500000e-07	-6.800270e-09	-2.945878e-09	-3.812408e+01	-7.803537e+02
1.600000e-07	-6.792464e-09	-2.982896e-09	-3.808032e+01	-7.902107e+02
1.700000e-07	-6.784461e-09	-2.988538e-09	-3.803547e+01	-7.918435e+02
1.800000e-07	-6.775915e-09	-2.948287e-09	-3.798757e+01	-7.811137e+02
1.900000e-07	-6.766752e-09	-2.945136e-09	-3.793620e+01	-7.801271e+02
2.000000e-07	-6.757294e-09	-2.985148e-09	-3.788317e+01	-7.907982e+02
2.100000e-07	-6.747569e-09	-2.985531e-09	-3.782867e+01	-7.910298e+02
2.200000e-07	-6.737176e-09	-2.948030e-09	-3.777045e+01	-7.810005e+02
2.300000e-07	-6.726110e-09	-2.957259e-09	-3.770844e+01	-7.833320e+02
2.400000e-07	-6.714679e-09	-2.990986e-09	-3.764437e+01	-7.923565e+02
2.500000e-07	-6.702862e-09	-2.971710e-09	-3.757814e+01	-7.872923e+02
2.600000e-07	-6.690471e-09	-2.942475e-09	-3.750868e+01	-7.793857e+02
2.700000e-07	-6.677600e-09	-2.966715e-09	-3.743651e+01	-7.857232e+02
2.800000e-07	-6.664292e-09	-2.982509e-09	-3.736190e+01	-7.900127e+02
2.900000e-07	-6.650414e-09	-2.953260e-09	-3.728412e+01	-7.822528e+02
3.000000e-07	-6.636013e-09	-2.952717e-09	-3.720339e+01	-7.819776e+02
3.100000e-07	-6.621217e-09	-2.981118e-09	-3.712044e+01	-7.895353e+02
3.200000e-07	-6.605978e-09	-2.965717e-09	-3.703503e+01	-7.855219e+02
3.300000e-07	-6.590247e-09	-2.941747e-09	-3.694685e+01	-7.790361e+02
3.400000e-07	-6.574144e-09	-2.969005e-09	-3.685658e+01	-7.861909e+02
3.500000e-07	-6.557628e-09	-2.980944e-09	-3.676400e+01	-7.894787e+02
3.600000e-07	-6.540511e-09	-2.946839e-09	-3.666804e+01	-7.804191e+02
3.700000e-07	-6.522831e-09	-2.947641e-09	-3.656892e+01	-7.804949e+02
3.800000e-07	-6.504736e-09	-2.977894e-09	-3.646751e+01	-7.885837e+02
3.900000e-07	-6.486138e-09	-2.961198e-09	-3.636328e+01	-7.842164e+02
4.000000e-07	-6.466980e-09	-2.938318e-09	-3.625589e+01	-7.779740e+02
4.100000e-07	-6.447302e-09	-2.961854e-09	-3.614556e+01	-7.841552e+02
4.200000e-07	-6.427074e-09	-2.969708e-09	-3.603216e+01	-7.863673e+02
4.300000e-07	-6.406246e-09	-2.944718e-09	-3.591540e+01	-7.796894e+02
4.400000e-07	-6.384940e-09	-2.951180e-09	-3.579594e+01	-7.812721e+02
4.500000e-07	-6.363227e-09	-2.967458e-09	-3.567422e+01	-7.856572e+02
4.600000e-07	-6.341088e-09	-2.950476e-09	-3.555011e+01	-7.811633e+02
4.700000e-07	-6.318544e-09	-2.945151e-09	-3.542373e+01	-7.796192e+02
4.800000e-07	-6.295567e-09	-2.962302e-09	-3.529494e+01	-7.841864e+02
4.900000e-07	-6.272065e-09	-2.954181e-09	-3.516319e+01	-7.820863e+02
5.000000e-07	-6.248083e-09	-2.941859e-09	-3.502875e+01	-7.787126e+02
5.100000e-07	-6.223694e-09	-2.954834e-09	-3.489204e+01	-7.821393e+02
5.200000e-07	-6.198870e-09	-2.956421e-09	-3.475290e+01	-7.826325e+02
5.300000e-07	-6.173608e-09	-2.943381e-09	-3.461130e+01	-7.790652e+02
5.400000e-07	-6.147936e-09	-2.948809e-09	-3.446740e+01	-7.803982e+02
5.500000e-07	-6.121747e-09	-2.953787e-09	-3.432061e+01	-7.817714e+02
5.600000e-07	-6.094982e-09	-2.943412e-09	-3.417057e+01	-7.789913e+02
5.700000e-07	-6.067803e-09	-2.943294e-09	-3.401819e+01	-7.788827e+02
5.800000e-07	-6.040303e-09	-2.948476e-09	-3.386402e+01	-7.802945e+02
5.900000e-07	-6.012409e-09	-2.942341e-09	-3.370764e+01	-7.786486e+02
6.000000e-07	-5.984094e-09	-2.940686e-09	-3.354891e+01	-7.781198e+02
6.100000e-07	-5.955394e-09	-2.945209e-09	-3.338803e+01	-7.793297e+02
6.200000e-07	-5.926240e-09	-2.941233e-09	-3.322460e+01	-7.782546e+02
6.300000e-07	-5.896552e-09	-2.938842e-09	-3.305818e+01	-7.775068e+02
6.400000e-07	-5.866355e-09	-2.941816e-09	-3.288892e+01	-7.782842e+02
6.500000e-07	-5.835697e-09	-2.938601e-09	-3.271707e+01	-7.774710e+02
6.600000e-07	-5.804571e-09	-2.934950e-09	-3.254257e+01	-7.764471e+02
6.700000e-07	-5.772922e-09	-2.936703e-09	-3.236516e+01	-7.768783e+02
6.800000e-07	-5.740733e-09	-2.934836e-09	-3.218473e+01	-7.763890e+02
6.900000e-07	-5.708119e-09	-2.932254e-09	-3.200191e+01	-7.756252e+02
7.000000e-07	-5.675151e-09	-2.933209e-09	-3.181710e+01	-7.758111e+02
7.100000e-07	-5.641842e-09	-2.931599e-09	-3.163038e+01	-7.753771e+02
7.200000e-07	-5.608235e-09	-2.929116e-09	-3.144198e+01	-7.746544e+02
7.300000e-07	-5.574333e-09	-2.930112e-09	-3.125193e+01	-7.748571e+02
7.400000e-07	-5.540067e-09	-2.928419e-09	-3.105984e+01	-7.744218e+02
7.500000e-07	-5.505427e-09	-2.924367e-09	-3.086565e+01	-7.733390e+02
7.600000e-07	-5.470446e-09	-2.923742e-09	-3.066956e+01	-7.731321e+02
7.700000e-07	-5.435082e-09	-2.923642e-09	-3.047132e+01	-7.730863e+02
7.800000e-07	-5.399256e-09	-2.921059e-09	-3.027048e+01	-7.723641e+02
7.900000e-07	-5.362967e-09	-2.919639e-09	-3.006704e+01	-7.719209e+02
8.000000e-07	-5.326282e-09	-2.919213e-09	-2.986138e+01	-7.717658e+02
8.100000e-07	-5.289236e-09	-2.917648e-09	-2.965369e+01	-7.713175e+02
8.200000e-07	-5.251818e-09	-2.916575e-09	-2.944394e+01	-7.709830e+02
8.300000e-07	-5.214026e-09	-2.915559e-09	-2.923209e+01	-7.706753e+02
8.400000e-07	-5.175891e-09	-2.913209e-09	-2.901829e+01	-7.700242e+02
8.500000e-07	-5.137417e-09	-2.911022e-09	-2.880260e+01	-7.694048e+02
8.600000e-07	-5.098554e-09	-2.909523e-09	-2.858474e+01	-7.689622e+02
8.700000e-07	-5.059263e-09	-2.907845e-09	-2.836447e+01	-7.684727e+02
8.800000e-07	-5.019597e-09	-2.906289e-09	-2.814211e+01	-7.680101e+02
8.900000e-07	-4.979618e-09	-2.904830e-09	-2.791799e+01	-7.675740e+02
9.000000e-07	-4.939312e-09	-2.903602e-09	-2.769202e+01	-7.672103e+02
9.100000e-07	-4.898646e-09	-2.902360e-09	-2.746404e+01	-7.668406e+02
9.200000e-07	-4.857619e-09	-2.900485e-09	-2.723405e+01	-7.663016e+02
9.300000e-07	-4.816272e-09	-2.897963e-09	-2.700228e+01	-7.655959e+02
9.400000e-07	-4.774608e-09	-2.895790e-09	-2.676873e+01	-7.649718e+02
9.500000e-07	-4.732565e-09	-2.893506e-09	-2.653304e+01	-7.643170e+02
9.600000e-07	-4.690096e-09	-2.891416e-09	-2.629495e+01	-7.637179e+02
9.700000e-07	-4.647239e-09	-2.890081e-09	-2.605469e+01	-7.633188e+02
9.800000e-07	-4.604065e-09	-2.888639e-09	-2.581266e+01	-7.629011e+02
9.900000e-07	-4.560604e-09	-2.886360e-09	-2.556903e+01	-7.622628e+02
1.000000e-06	-4.516852e-09	-2.884138e-09	-2.532374e+01	-7.616275e+02
1.010000e-06	-4.472800e-09	-2.882204e-09	-2.507677e+01	-7.610632e+02
1.020000e-06	-4.428479e-09	-2.880088e-09	-2.482830e+01	-7.604423e+02
1.030000e-06	-4.383898e-09	-2.877663e-09	-2.457839e+01	-7.597363e+02
1.040000e-06	-4.339013e-09	-2.875378e-09	-2.432675e+01	-7.590792e+02
1.050000e-06	-4.293751e-09	-2.873083e-09	-2.407298e+01	-7.584263e+02
1.060000e-06	-4.248064e-09	-2.870503e-09	-2.381684e+01	-7.577057e+02
1.070000e-06	-4.201965e-09	-2.867957e-09	-2.355839e+01	-7.569941e+02
1.080000e-06	-4.155518e-09	-2.865416e-09	-2.329798e+01	-7.562768e+02
1.090000e-06	-4.108768e-09	-2.862696e-09	-2.303588e+01	-7.555143e+02
1.100000e-06	-4.061724e-09	-2.860133e-09	-2.277215e+01	-7.547858e+02
1.110000e-06	-4.014406e-09	-2.857717e-09	-2.250688e+01	-7.540864e+02
1.120000e-06	-3.966843e-09	-2.854983e-09	-2.224024e+01	-7.533063e+02
1.130000e-06	-3.919036e-09	-2.852206e-09	-2.197225e+01	-7.525127e+02
1.140000e-06	-3.870966e-09	-2.849764e-09	-2.170278e+01	-7.518050e+02
1.150000e-06	-3.822606e-09	-2.847352e-09	-2.143165e+01	-7.511181e+02
1.160000e-06	-3.773949e-09	-2.844513e-09	-2.115885e+01	-7.503319e+02
1.170000e-06	-3.724999e-09	-2.841840e-09	-2.088443e+01	-7.495846e+02
1.180000e-06	-3.675762e-09	-2.839167e-09	-2.060842e+01	-7.488264e+02
1.190000e-06	-3.626253e-09	-2.836020e-09	-2.033088e+01	-7.479410e+02
1.200000e-06	-3.576487e-09	-2.832827e-09	-2.005191e+01	-7.470357e+02
1.210000e-06	-3.526471e-09	-2.829771e-09	-1.977150e+01	-7.461640e+02
1.220000e-06	-3.476206e-09	-2.826419e-09	-1.948970e+01	-7.452216e+02
1.230000e-06	-3.425715e-09	-2.823055e-09	-1.920662e+01	-7.442786e+02
1.240000e-06	-3.375017e-09	-2.820004e-09	-1.892239e+01	-7.434252e+02
1.250000e-06	-3.324098e-09	-2.817429e-09	-1.863694e+01	-7.426949e+02
1.260000e-06	-3.272941e-09	-2.814706e-09	-1.835017e+01	-7.419181e+02
1.270000e-06	-3.221555e-09	-2.811609e-09	-1.806210e+01	-7.410451e+02
1.280000e-06	-3.169940e-09	-2.808270e-09	-1.777274e+01	-7.401045e+02
1.290000e-06	-3.118074e-09	-2.804378e-09	-1.748197e+01	-7.390131e+02
1.300000e-06	-3.065961e-09	-2.800544e-09	-1.718980e+01	-7.379439e+02
1.310000e-06	-3.013634e-09	-2.797873e-09	-1.689643e+01	-7.371775e+02
1.320000e-06	-2.961088e-09	-2.795300e-09	-1.660185e+01	-7.364352e+02
1.330000e-06	-2.908337e-09	-2.792029e-09	-1.630612e+01	-7.355107e+02
1.340000e-06	-2.855391e-09	-2.788711e-09	-1.600929e+01	-7.345668e+02
1.350000e-06	-2.802234e-09	-2.785053e-09	-1.571128e+01	-7.335398e+02
1.360000e-06	-2.748870e-09	-2.781265e-09	-1.541211e+01	-7.324769e+02
1.370000e-06	-2.695324e-09	-2.777903e-09	-1.511191e+01	-7.315162e+02
1.380000e-06	-2.641602e-09	-2.774424e-09	-1.481073e+01	-7.305400e+02
1.390000e-06	-2.587714e-09	-2.770255e-09	-1.450861e+01	-7.293910e+02
1.400000e-06	-2.533674e-09	-2.766275e-09	-1.420568e+01	-7.282786e+02
1.410000e-06	-2.479461e-09	-2.762675e-09	-1.390179e+01	-7.272634e+02
1.420000e-06	-2.425051e-09	-2.758831e-09	-1.359680e+01	-7.261846e+02
1.430000e-06	-2.370465e-09	-2.754708e-09	-1.329079e+01	-7.250300e+02
1.440000e-06	-2.315706e-09	-2.750665e-09	-1.298379e+01	-7.239037e+02
1.450000e-06	-2.260761e-09	-2.746718e-09	-1.267574e+01	-7.227971e+02
1.460000e-06	-2.205632e-09	-2.742702e-09	-1.236666e+01	-7.216614e+02
1.470000e-06	-2.150316e-09	-2.738715e-09	-1.205655e+01	-7.205449e+02
1.480000e-06	-2.094797e-09	-2.734424e-09	-1.174530e+01	-7.193617e+02
1.490000e-06	-2.039067e-09	-2.729607e-09	-1.143286e+01	-7.180348e+02
1.500000e-06	-1.983159e-09	-2.724981e-09	-1.111942e+01	-7.167450e+02
1.510000e-06	-1.927105e-09	-2.720740e-09	-1.080518e+01	-7.155492e+02
1.520000e-06	-1.870914e-09	-2.716252e-09	-1.049019e+01	-7.142958e+02
1.530000e-06	-1.814596e-09	-2.711449e-09	-1.017446e+01	-7.129730e+02
1.540000e-06	-1.758155e-09	-2.707057e-09	-9.858057e+00	-7.117576e+02
1.550000e-06	-1.701582e-09	-2.702926e-09	-9.540916e+00	-7.106031e+02
1.560000e-06	-1.644878e-09	-2.698814e-09	-9.223050e+00	-7.094506e+02
1.570000e-06	-1.588048e-09	-2.694616e-09	-8.904463e+00	-7.082821e+02
1.580000e-06	-1.531078e-09	-2.689873e-09	-8.585087e+00	-7.069750e+02
1.590000e-06	-1.473971e-09	-2.684705e-09	-8.264941e+00	-7.055472e+02
1.600000e-06	-1.416744e-09	-2.679788e-09	-7.944108e+00	-7.041754e+02
1.610000e-06	-1.359403e-09	-2.675047e-09	-7.622647e+00	-7.028523e+02
1.620000e-06	-1.301946e-09	-2.669897e-09	-7.300567e+00	-7.014299e+02
1.630000e-06	-1.244370e-09	-2.664601e-09	-6.977818e+00	-6.999731e+02
1.640000e-06	-1.186690e-09	-2.659181e-09	-6.654464e+00	-6.984873e+02
1.650000e-06	-1.128913e-09	-2.654008e-09	-6.330579e+00	-6.970605e+02
1.660000e-06	-1.071059e-09	-2.649121e-09	-6.006242e+00	-6.957026e+02
1.670000e-06	-1.013150e-09	-2.644043e-09	-5.681601e+00	-6.943042e+02
1.680000e-06	-9.551803e-10	-2.638731e-09	-5.356625e+00	-6.928491e+02
1.690000e-06	-8.971468e-10	-2.633651e-09	-5.031294e+00	-6.914397e+02
1.700000e-06	-8.390594e-10	-2.628921e-09	-4.705676e+00	-6.901107e+02
1.710000e-06	-7.809208e-10	-2.623614e-09	-4.379761e+00	-6.886425e+02
1.720000e-06	-7.227234e-10	-2.617424e-09	-4.053497e+00	-6.869594e+02
1.730000e-06	-6.644699e-10	-2.610994e-09	-3.726932e+00	-6.852155e+02
1.740000e-06	-6.061730e-10	-2.604887e-09	-3.400124e+00	-6.835459e+02
1.750000e-06	-5.478334e-10	-2.599149e-09	-3.073067e+00	-6.819652e+02
1.760000e-06	-4.894566e-10	-2.593561e-09	-2.745792e+00	-6.804212e+02
1.770000e-06	-4.310469e-10	-2.588167e-09	-2.418317e+00	-6.789249e+02
1.780000e-06	-3.726061e-10	-2.583126e-09	-2.090673e+00	-6.775173e+02
1.790000e-06	-3.141404e-10	-2.577930e-09	-1.762904e+00	-6.760659e+02
1.800000e-06	-2.556582e-10	-2.571799e-09	-1.435050e+00	-6.743796e+02
1.810000e-06	-1.971752e-10	-2.564921e-09	-1.107196e+00	-6.725078e+02
1.820000e-06	-1.387043e-10	-2.557988e-09	-7.794062e-01	-6.706202e+02
1.830000e-06	-8.023701e-11	-2.551171e-09	-4.516266e-01	-6.687604e+02
1.840000e-06	-2.177119e-11	-2.544848e-09	-1.238676e-01	-6.670247e+02
1.850000e-06	3.668740e-11	-2.538844e-09	2.038513e-01	-6.653699e+02
1.860000e-06	9.514942e-11	-2.532551e-09	5.316037e-01	-6.636482e+02
1.870000e-06	1.536105e-10	-2.525786e-09	8.593571e-01	-6.618088e+02
1.880000e-06	2.120684e-10	-2.518693e-09	1.187080e+00	-6.598672e+02
1.890000e-06	2.705216e-10	-2.511677e-09	1.514772e+00	-6.579354e+02
1.900000e-06	3.289586e-10	-2.504520e-09	1.842383e+00	-6.559761e+02
1.910000e-06	3.873750e-10	-2.496847e-09	2.169873e+00	-6.538861e+02
1.920000e-06	4.457704e-10	-2.488944e-09	2.497253e+00	-6.517388e+02
1.930000e-06	5.041339e-10	-2.481549e-09	2.824463e+00	-6.497229e+02
1.940000e-06	5.624540e-10	-2.474535e-09	3.151429e+00	-6.477990e+02
1.950000e-06	6.207280e-10	-2.467048e-09	3.478143e+00	-6.457547e+02
1.960000e-06	6.789455e-10	-2.458797e-09	3.804520e+00	-6.435159e+02
1.970000e-06	7.370983e-10	-2.450247e-09	4.130526e+00	-6.411951e+02
1.980000e-06	7.951847e-10	-2.442206e-09	4.456167e+00	-6.389957e+02
1.990000e-06	8.532098e-10	-2.435081e-09	4.781461e+00	-6.370251e+02
2.000000e-06	9.111729e-10	-2.427730e-09	5.106408e+00	-6.350057e+02
2.010000e-06	9.690628e-10	-2.419166e-09	5.430950e+00	-6.326899e+02
2.020000e-06	1.026886e-09	-2.410121e-09	5.755112e+00	-6.302466e+02
2.030000e-06	1.084636e-09	-2.401465e-09	6.078853e+00	-6.278899e+02
2.040000e-06	1.142301e-09	-2.392839e-09	6.402095e+00	-6.255335e+02
2.050000e-06	1.199874e-09	-2.383826e-09	6.724827e+00	-6.230713e+02
2.060000e-06	1.257354e-09	-2.374525e-09	7.047042e+00	-6.205403e+02
2.070000e-06	1.314734e-09	-2.365165e-09	7.368692e+00	-6.179958e+02
2.080000e-06	1.372005e-09	-2.355959e-09	7.689737e+00	-6.154815e+02
2.090000e-06	1.429161e-09	-2.346768e-09	8.010157e+00	-6.129750e+02
2.100000e-06	1.486188e-09	-2.337564e-09	8.329872e+00	-6.104691e+02
2.110000e-06	1.543080e-09	-2.327586e-09	8.648807e+00	-6.077627e+02
2.120000e-06	1.599829e-09	-2.316915e-09	8.966927e+00	-6.048708e+02
2.130000e-06	1.656442e-09	-2.306556e-09	9.284283e+00	-6.020441e+02
2.140000e-06	1.712931e-09	-2.296338e-09	9.600950e+00	-5.992498e+02
2.150000e-06	1.769297e-09	-2.285684e-09	9.916948e+00	-5.963467e+02
2.160000e-06	1.825553e-09	-2.274585e-09	1.023234e+01	-5.933320e+02
2.170000e-06	1.881697e-09	-2.263443e-09	1.054710e+01	-5.902985e+02
2.180000e-06	1.937703e-09	-2.252425e-09	1.086110e+01	-5.872786e+02
2.190000e-06	1.993559e-09	-2.241043e-09	1.117425e+01	-5.841620e+02
2.200000e-06	2.049244e-09	-2.229240e-09	1.148644e+01	-5.809353e+02
2.210000e-06	2.104740e-09	-2.217103e-09	1.179756e+01	-5.776145e+02
2.220000e-06	2.160044e-09	-2.204290e-09	1.210761e+01	-5.741173e+02
2.230000e-06	2.215155e-09	-2.191039e-09	1.241659e+01	-5.704924e+02
2.240000e-06	2.270078e-09	-2.177686e-09	1.272452e+01	-5.668178e+02
2.250000e-06	2.324804e-09	-2.163983e-09	1.303134e+01	-5.630262e+02
2.260000e-06	2.379328e-09	-2.149366e-09	1.333703e+01	-5.589740e+02
2.270000e-06	2.433662e-09	-2.133776e-09	1.364163e+01	-5.546634e+02
2.280000e-06	2.487820e-09	-2.117684e-09	1.394525e+01	-5.502111e+02
2.290000e-06	2.541814e-09	-2.100597e-09	1.424795e+01	-5.454829e+02
2.300000e-06	2.595649e-09	-2.082278e-09	1.454978e+01	-5.404304e+02
2.310000e-06	2.649326e-09	-2.063063e-09	1.485072e+01	-5.351230e+02
2.320000e-06	2.702828e-09	-2.042416e-09	1.515067e+01	-5.293985e+02
2.330000e-06	2.756137e-09	-2.020145e-09	1.544952e+01	-5.232076e+02
2.340000e-06	2.809257e-09	-1.996118e-09	1.574731e+01	-5.164995e+02
2.350000e-06	2.862197e-09	-1.969087e-09	1.604411e+01	-5.089360e+02
2.360000e-06	2.914947e-09	-1.938873e-09	1.633983e+01	-5.004600e+02
2.370000e-06	2.967495e-09	-1.905718e-09	1.663443e+01	-4.911044e+02
2.380000e-06	3.019816e-09	-1.868655e-09	1.692776e+01	-4.805842e+02
2.390000e-06	3.071888e-09	-1.826748e-09	1.721971e+01	-4.686179e+02
2.400000e-06	3.123714e-09	-1.778781e-09	1.751028e+01	-4.548185e+02
2.410000e-06	3.175297e-09	-1.722197e-09	1.779947e+01	-4.384394e+02
2.420000e-06	3.226634e-09	-1.654669e-09	1.808728e+01	-4.187957e+02
2.430000e-06	3.277729e-09	-1.574641e-09	1.837373e+01	-3.953948e+02
2.440000e-06	3.328606e-09	-1.479332e-09	1.865895e+01	-3.674375e+02
2.450000e-06	3.379286e-09	-1.365746e-09	1.894309e+01	-3.340929e+02
2.460000e-06	3.429761e-09	-1.231332e-09	1.922609e+01	-2.947137e+02
2.470000e-06	3.480007e-09	-1.074359e-09	1.950780e+01	-2.489824e+02
2.480000e-06	3.530018e-09	-8.945557e-10	1.978819e+01	-1.970869e+02
2.490000e-06	3.579810e-09	-6.931994e-10	2.006735e+01	-1.397382e+02
2.500000e-06	3.629383e-09	-4.733736e-10	2.034529e+01	-7.819978e+01
2.510000e-06	3.678712e-09	-2.408745e-10	2.062187e+01	-1.441127e+01
2.520000e-06	3.727767e-09	-2.353747e-12	2.089693e+01	4.956736e+01
2.530000e-06	3.776515e-09	2.355001e-10	2.117027e+01	1.118291e+02
2.540000e-06	3.824946e-09	4.667286e-10	2.144180e+01	1.708840e+02
2.550000e-06	3.873066e-09	6.870745e-10	2.171158e+01	2.258779e+02
2.560000e-06	3.920900e-09	8.924076e-10	2.197974e+01	2.760892e+02
2.570000e-06	3.968485e-09	1.079787e-09	2.224650e+01	3.211483e+02
2.580000e-06	4.015825e-09	1.248354e-09	2.251189e+01	3.612164e+02
2.590000e-06	4.062892e-09	1.397979e-09	2.277576e+01	3.965882e+02
2.600000e-06	4.109670e-09	1.529827e-09	2.303802e+01	4.277864e+02
2.610000e-06	4.156149e-09	1.646034e-09	2.329862e+01	4.554510e+02
2.620000e-06	4.202282e-09	1.748256e-09	2.355728e+01	4.800115e+02
2.630000e-06	4.248024e-09	1.838413e-09	2.381375e+01	5.018964e+02
2.640000e-06	4.293377e-09	1.918719e-09	2.406802e+01	5.215871e+02
2.650000e-06	4.338358e-09	1.991144e-09	2.432021e+01	5.395154e+02
2.660000e-06	4.383005e-09	2.056753e-09	2.457053e+01	5.558787e+02
2.670000e-06	4.427367e-09	2.116774e-09	2.481923e+01	5.709135e+02
2.680000e-06	4.471452e-09	2.172295e-09	2.506639e+01	5.848362e+02
2.690000e-06	4.515245e-09	2.223556e-09	2.531192e+01	5.976920e+02
2.700000e-06	4.558751e-09	2.271036e-09	2.555583e+01	6.096172e+02
2.710000e-06	4.601991e-09	2.315167e-09	2.579825e+01	6.207004e+02
2.720000e-06	4.644958e-09	2.355978e-09	2.603915e+01	6.309251e+02
2.730000e-06	4.687595e-09	2.393534e-09	2.627822e+01	6.403180e+02
2.740000e-06	4.729839e-09	2.428139e-09	2.651507e+01	6.489751e+02
2.750000e-06	4.771670e-09	2.460596e-09	2.674958e+01	6.571051e+02
2.760000e-06	4.813121e-09	2.491227e-09	2.698196e+01	6.647798e+02
2.770000e-06	4.854233e-09	2.519528e-09	2.721245e+01	6.718617e+02
2.780000e-06	4.895009e-09	2.545577e-09	2.744106e+01	6.783778e+02
2.790000e-06	4.935443e-09	2.569792e-09	2.766777e+01	6.844447e+02
2.800000e-06	4.975553e-09	2.592283e-09	2.789264e+01	6.900819e+02
2.810000e-06	5.015338e-09	2.613206e-09	2.811571e+01	6.953119e+02
2.820000e-06	5.054751e-09	2.632595e-09	2.833670e+01	7.001454e+02
2.830000e-06	5.093737e-09	2.650524e-09	2.855530e+01	7.046093e+02
2.840000e-06	5.132297e-09	2.667313e-09	2.877152e+01	7.087920e+02
2.850000e-06	5.170475e-09	2.682989e-09	2.898557e+01	7.127133e+02
2.860000e-06	5.208312e-09	2.697315e-09	2.919770e+01	7.163044e+02
2.870000e-06	5.245810e-09	2.710506e-09	2.940792e+01	7.196040e+02
2.880000e-06	5.282959e-09	2.723320e-09	2.961619e+01	7.228165e+02
2.890000e-06	5.319790e-09	2.735320e-09	2.982268e+01	7.258473e+02
2.900000e-06	5.356297e-09	2.746260e-09	3.002735e+01	7.286176e+02
2.910000e-06	5.392390e-09	2.756920e-09	3.022971e+01	7.313100e+02
2.920000e-06	5.428001e-09	2.767235e-09	3.042934e+01	7.339061e+02
2.930000e-06	5.463167e-09	2.776708e-09	3.062650e+01	7.363015e+02
2.940000e-06	5.497966e-09	2.785063e-09	3.082162e+01	7.384414e+02
2.950000e-06	5.532409e-09	2.792792e-09	3.101472e+01	7.404370e+02
2.960000e-06	5.566487e-09	2.800270e-09	3.120577e+01	7.423699e+02
2.970000e-06	5.600220e-09	2.807789e-09	3.139490e+01	7.442917e+02
2.980000e-06	5.633642e-09	2.815561e-09	3.158229e+01	7.462638e+02
2.990000e-06	5.666729e-09	2.823332e-09	3.176779e+01	7.482465e+02
3.000000e-06	5.699413e-09	2.830442e-09	3.195102e+01	7.500677e+02
3.010000e-06	5.731672e-09	2.836199e-09	3.213187e+01	7.515386e+02
3.020000e-06	5.763503e-09	2.841220e-09	3.231034e+01	7.528166e+02
3.030000e-06	5.794891e-09	2.846087e-09	3.248631e+01	7.540644e+02
3.040000e-06	5.825847e-09	2.850781e-09	3.265987e+01	7.552849e+02
3.050000e-06	5.856395e-09	2.855606e-09	3.283115e+01	7.565461e+02
3.060000e-06	5.886520e-09	2.860842e-09	3.300009e+01	7.578984e+02
3.070000e-06	5.916147e-09	2.866109e-09	3.316621e+01	7.592435e+02
3.080000e-06	5.945246e-09	2.870821e-09	3.332937e+01	7.604503e+02
3.090000e-06	5.973894e-09	2.874864e-09	3.349001e+01	7.614895e+02
3.100000e-06	6.002155e-09	2.878364e-09	3.364847e+01	7.623889e+02
3.110000e-06	6.030014e-09	2.881217e-09	3.380468e+01	7.631278e+02
3.120000e-06	6.057470e-09	2.883570e-09	3.395863e+01	7.637473e+02
3.130000e-06	6.084563e-09	2.886055e-09	3.411055e+01	7.644092e+02
3.140000e-06	6.111256e-09	2.889243e-09	3.426024e+01	7.652565e+02
3.150000e-06	6.137434e-09	2.893370e-09	3.440702e+01	7.663365e+02
3.160000e-06	6.163106e-09	2.897478e-09	3.455096e+01	7.673979e+02
3.170000e-06	6.188364e-09	2.900446e-09	3.469258e+01	7.681583e+02
3.180000e-06	6.213225e-09	2.902694e-09	3.483198e+01	7.687386e+02
3.190000e-06	6.237674e-09	2.904688e-09	3.496905e+01	7.692739e+02
3.200000e-06	6.261746e-09	2.906698e-09	3.510401e+01	7.698228e+02
3.210000e-06	6.285446e-09	2.908994e-09	3.523691e+01	7.704402e+02
3.220000e-06	6.308650e-09	2.911297e-09	3.536702e+01	7.710545e+02
3.230000e-06	6.331300e-09	2.913484e-09	3.549402e+01	7.716289e+02
3.240000e-06	6.353484e-09	2.916245e-09	3.561842e+01	7.723440e+02
3.250000e-06	6.375254e-09	2.919372e-09	3.574051e+01	7.731508e+02
3.260000e-06	6.396596e-09	2.921587e-09	3.586018e+01	7.737253e+02
3.270000e-06	6.417460e-09	2.922813e-09	3.597715e+01	7.740652e+02
3.280000e-06	6.437764e-09	2.923697e-09	3.609101e+01	7.743345e+02
3.290000e-06	6.457455e-09	2.924973e-09	3.620143e+01	7.746999e+02
3.300000e-06	6.476603e-09	2.927003e-09	3.630879e+01	7.752422e+02
3.310000e-06	6.495297e-09	2.928980e-09	3.641361e+01	7.757607e+02
3.320000e-06	6.513547e-09	2.930474e-09	3.651594e+01	7.761507e+02
3.330000e-06	6.531369e-09	2.932073e-09	3.661587e+01	7.765685e+02
3.340000e-06	6.548799e-09	2.933875e-09	3.671360e+01	7.770485e+02
3.350000e-06	6.565767e-09	2.935606e-09	3.680876e+01	7.775245e+02
3.360000e-06	6.582170e-09	2.936813e-09	3.690075e+01	7.778690e+02
3.370000e-06	6.598080e-09	2.937584e-09	3.698996e+01	7.780941e+02
3.380000e-06	6.613570e-09	2.938474e-09	3.707683e+01	7.783419e+02
3.390000e-06	6.628626e-09	2.939808e-09	3.716126e+01	7.786923e+02
3.400000e-06	6.643257e-09	2.941266e-09	3.724331e+01	7.790722e+02
3.410000e-06	6.657494e-09	2.942338e-09	3.732314e+01	7.793561e+02
3.420000e-06	6.671257e-09	2.943354e-09	3.740031e+01	7.796236e+02
3.430000e-06	6.684449e-09	2.944529e-09	3.747428e+01	7.799459e+02
3.440000e-06	6.697136e-09	2.945517e-09	3.754541e+01	7.802326e+02
3.450000e-06	6.709379e-09	2.946350e-09	3.761406e+01	7.804773e+02
3.460000e-06	6.721171e-09	2.947296e-09	3.768018e+01	7.807445e+02
3.470000e-06	6.732539e-09	2.948251e-09	3.774393e+01	7.810042e+02
3.480000e-06	6.743493e-09	2.948917e-09	3.780535e+01	7.811839e+02
3.490000e-06	6.753930e-09	2.949598e-09	3.786387e+01	7.813672e+02
3.500000e-06	6.763786e-09	2.950335e-09	3.791914e+01	7.815675e+02
3.510000e-06	6.773144e-09	2.950510e-09	3.797161e+01	7.816180e+02
3.520000e-06	6.782055e-09	2.950566e-09	3.802158e+01	7.816341e+02
3.530000e-06	6.790517e-09	2.951197e-09	3.806903e+01	7.818120e+02
3.540000e-06	6.798572e-09	2.951979e-09	3.811420e+01	7.820375e+02
3.550000e-06	6.806243e-09	2.952753e-09	3.815723e+01	7.822477e+02
3.560000e-06	6.813448e-09	2.953504e-09	3.819765e+01	7.824447e+02
3.570000e-06	6.820147e-09	2.953846e-09	3.823520e+01	7.825375e+02
3.580000e-06	6.826321e-09	2.954166e-09	3.826981e+01	7.826267e+02
3.590000e-06	6.831949e-09	2.954463e-09	3.830139e+01	7.827101e+02
3.600000e-06	6.837067e-09	2.954446e-09	3.833012e+01	7.827074e+02
3.610000e-06	6.841680e-09	2.954430e-09	3.835602e+01	7.827005e+02
3.620000e-06	6.845704e-09	2.954577e-09	3.837862e+01	7.827360e+02
3.630000e-06	6.849130e-09	2.955025e-09	3.839785e+01	7.828508e+02
3.640000e-06	6.852077e-09	2.955662e-09	3.841439e+01	7.830172e+02
3.650000e-06	6.854585e-09	2.956301e-09	3.842847e+01	7.831829e+02
3.660000e-06	6.856629e-09	2.956799e-09	3.843995e+01	7.833143e+02
3.670000e-06	6.858256e-09	2.956978e-09	3.844907e+01	7.833620e+02
3.680000e-06	6.859462e-09	2.956951e-09	3.845585e+01	7.833465e+02
3.690000e-06	6.860108e-09	2.956967e-09	3.845948e+01	7.833385e+02
3.700000e-06	6.860193e-09	2.956901e-09	3.845996e+01	7.833079e+02
3.710000e-06	6.859813e-09	2.956323e-09	3.845785e+01	7.831472e+02
3.720000e-06	6.858990e-09	2.956194e-09	3.845325e+01	7.831124e+02
3.730000e-06	6.857727e-09	2.956813e-09	3.844619e+01	7.832786e+02
3.740000e-06	6.856082e-09	2.957372e-09	3.843698e+01	7.834286e+02
3.750000e-06	6.854026e-09	2.957865e-09	3.842547e+01	7.835532e+02
3.760000e-06	6.851414e-09	2.957206e-09	3.841087e+01	7.833610e+02
3.770000e-06	6.848283e-09	2.954324e-09	3.839334e+01	7.825738e+02
3.780000e-06	6.844676e-09	2.954765e-09	3.837314e+01	7.826798e+02
3.790000e-06	6.840317e-09	2.968558e-09	3.834875e+01	7.863575e+02
3.800000e-06	6.834927e-09	2.974167e-09	3.831859e+01	7.878619e+02
3.810000e-06	6.828821e-09	2.943370e-09	3.828436e+01	7.796452e+02
3.820000e-06	6.822574e-09	2.933410e-09	3.824934e+01	7.769192e+02
3.830000e-06	6.816236e-09	2.969735e-09	3.821381e+01	7.865906e+02
3.840000e-06	6.809363e-09	2.981157e-09	3.817531e+01	7.897241e+02
3.850000e-06	6.801810e-09	2.941805e-09	3.813298e+01	7.792548e+02
3.860000e-06	6.793919e-09	2.925991e-09	3.808873e+01	7.749113e+02
3.870000e-06	6.785861e-09	2.968696e-09	3.804356e+01	7.861965e+02
3.880000e-06	6.777236e-09	2.983474e-09	3.799522e+01	7.902613e+02
3.890000e-06	6.767849e-09	2.938788e-09	3.794262e+01	7.784729e+02
3.900000e-06	6.758059e-09	2.923441e-09	3.788774e+01	7.742815e+02
3.910000e-06	6.748043e-09	2.967222e-09	3.783159e+01	7.858449e+02
3.920000e-06	6.737525e-09	2.977688e-09	3.777265e+01	7.887274e+02
3.930000e-06	6.726413e-09	2.935334e-09	3.771038e+01	7.775129e+02
3.940000e-06	6.714921e-09	2.932727e-09	3.764595e+01	7.767483e+02
3.950000e-06	6.702939e-09	2.973061e-09	3.757882e+01	7.874623e+02
3.960000e-06	6.690224e-09	2.965731e-09	3.750758e+01	7.855428e+02
3.970000e-06	6.676938e-09	2.930007e-09	3.743309e+01	7.759407e+02
3.980000e-06	6.663358e-09	2.951983e-09	3.735694e+01	7.816588e+02
3.990000e-06	6.649371e-09	2.983752e-09	3.727854e+01	7.902121e+02
4.000000e-06	6.634878e-09	2.949768e-09	3.719730e+01	7.812939e+02
4.010000e-06	6.619967e-09	2.927050e-09	3.711371e+01	7.751076e+02
4.020000e-06	6.604616e-09	2.968665e-09	3.702769e+01	7.860454e+02
4.030000e-06	6.588670e-09	2.977856e-09	3.693832e+01	7.885581e+02
4.040000e-06	6.572195e-09	2.938591e-09	3.684595e+01	7.780894e+02
4.050000e-06	6.555347e-09	2.948922e-09	3.675149e+01	7.807282e+02
4.060000e-06	6.538102e-09	2.981199e-09	3.665483e+01	7.894390e+02
4.070000e-06	6.520413e-09	2.950812e-09	3.655567e+01	7.815234e+02
4.080000e-06	6.502317e-09	2.927286e-09	3.645423e+01	7.751317e+02
4.090000e-06	6.483753e-09	2.966001e-09	3.635016e+01	7.853043e+02
4.100000e-06	6.464589e-09	2.973246e-09	3.624273e+01	7.873351e+02
4.110000e-06	6.444859e-09	2.937063e-09	3.613211e+01	7.776586e+02
4.120000e-06	6.424694e-09	2.952308e-09	3.601907e+01	7.815572e+02
4.130000e-06	6.404112e-09	2.979468e-09	3.590369e+01	7.888922e+02
4.140000e-06	6.383031e-09	2.947471e-09	3.578551e+01	7.804659e+02
4.150000e-06	6.361366e-09	2.936836e-09	3.566407e+01	7.774626e+02
4.160000e-06	6.339132e-09	2.970953e-09	3.553943e+01	7.865314e+02
4.170000e-06	6.316451e-09	2.960367e-09	3.541228e+01	7.838352e+02
4.180000e-06	6.293349e-09	2.935982e-09	3.528277e+01	7.772170e+02
4.190000e-06	6.269808e-09	2.959330e-09	3.515080e+01	7.833364e+02
4.200000e-06	6.245864e-09	2.963936e-09	3.501655e+01	7.846526e+02
4.210000e-06	6.221533e-09	2.938160e-09	3.488015e+01	7.777348e+02
4.220000e-06	6.196683e-09	2.947078e-09	3.474085e+01	7.800185e+02
4.230000e-06	6.171278e-09	2.958501e-09	3.459844e+01	7.831639e+02
4.240000e-06	6.145420e-09	2.940415e-09	3.445349e+01	7.783427e+02
4.250000e-06	6.119127e-09	2.941962e-09	3.430610e+01	7.786089e+02
4.260000e-06	6.092393e-09	2.953440e-09	3.415622e+01	7.816806e+02
4.270000e-06	6.065294e-09	2.941243e-09	3.400430e+01	7.784349e+02
4.280000e-06	6.037836e-09	2.937833e-09	3.385037e+01	7.774011e+02
4.290000e-06	6.009900e-09	2.946407e-09	3.369376e+01	7.796824e+02
4.300000e-06	5.981435e-09	2.938426e-09	3.353420e+01	7.775892e+02
4.310000e-06	5.952525e-09	2.934725e-09	3.337214e+01	7.765215e+02
4.320000e-06	5.923217e-09	2.940979e-09	3.320784e+01	7.781786e+02
4.330000e-06	5.893509e-09	2.934753e-09	3.304130e+01	7.765332e+02
4.340000e-06	5.863369e-09	2.931180e-09	3.287235e+01	7.754688e+02
4.350000e-06	5.832742e-09	2.936408e-09	3.270066e+01	7.768131e+02
4.360000e-06	5.801600e-09	2.931091e-09	3.252610e+01	7.754195e+02
4.370000e-06	5.769948e-09	2.927460e-09	3.234868e+01	7.743783e+02
4.380000e-06	5.737830e-09	2.932359e-09	3.216863e+01	7.756510e+02
4.390000e-06	5.705314e-09	2.927791e-09	3.198636e+01	7.744692e+02
4.400000e-06	5.672424e-09	2.922850e-09	3.180199e+01	7.730935e+02
4.410000e-06	5.639163e-09	2.926336e-09	3.161554e+01	7.739662e+02
4.420000e-06	5.605587e-09	2.922387e-09	3.142731e+01	7.729285e+02
4.430000e-06	5.571691e-09	2.916621e-09	3.123728e+01	7.713339e+02
4.440000e-06	5.537353e-09	2.920583e-09	3.104479e+01	7.723008e+02
4.450000e-06	5.502520e-09	2.919946e-09	3.084952e+01	7.721270e+02
4.460000e-06	5.467262e-09	2.913998e-09	3.065186e+01	7.705273e+02
4.470000e-06	5.431640e-09	2.914711e-09	3.045216e+01	7.706570e+02
4.480000e-06	5.395669e-09	2.915148e-09	3.025049e+01	7.707435e+02
4.490000e-06	5.359325e-09	2.910168e-09	3.004675e+01	7.693873e+02
4.500000e-06	5.322619e-09	2.907608e-09	2.984097e+01	7.686564e+02
4.510000e-06	5.285590e-09	2.907164e-09	2.963338e+01	7.685125e+02
4.520000e-06	5.248182e-09	2.904924e-09	2.942367e+01	7.678975e+02
4.530000e-06	5.210283e-09	2.903080e-09	2.921121e+01	7.673635e+02
4.540000e-06	5.171945e-09	2.902833e-09	2.899627e+01	7.672378e+02
4.550000e-06	5.133276e-09	2.901964e-09	2.877947e+01	7.669530e+02
4.560000e-06	5.094280e-09	2.900033e-09	2.856085e+01	7.663961e+02
4.570000e-06	5.054954e-09	2.897685e-09	2.834038e+01	7.657261e+02
4.580000e-06	5.015346e-09	2.895389e-09	2.811833e+01	7.650755e+02
4.590000e-06	4.975458e-09	2.892635e-09	2.789471e+01	7.643238e+02
4.600000e-06	4.935227e-09	2.889830e-09	2.766916e+01	7.635513e+02
4.610000e-06	4.894554e-09	2.888156e-09	2.744116e+01	7.630625e+02
4.620000e-06	4.853416e-09	2.886905e-09	2.721055e+01	7.626780e+02
4.630000e-06	4.811891e-09	2.885120e-09	2.697775e+01	7.621469e+02
4.640000e-06	4.770037e-09	2.883377e-09	2.674310e+01	7.616281e+02
4.650000e-06	4.727848e-09	2.881402e-09	2.650658e+01	7.610449e+02
4.660000e-06	4.685320e-09	2.878295e-09	2.626816e+01	7.601770e+02
4.670000e-06	4.642498e-09	2.875204e-09	2.602808e+01	7.593334e+02
4.680000e-06	4.599408e-09	2.873186e-09	2.578651e+01	7.587567e+02
4.690000e-06	4.556041e-09	2.871336e-09	2.554337e+01	7.582110e+02
4.700000e-06	4.512384e-09	2.868872e-09	2.529862e+01	7.575216e+02
4.710000e-06	4.468427e-09	2.866924e-09	2.505218e+01	7.569658e+02
4.720000e-06	4.424140e-09	2.865130e-09	2.480391e+01	7.564287e+02
4.730000e-06	4.379530e-09	2.862251e-09	2.455382e+01	7.556075e+02
4.740000e-06	4.334597e-09	2.859237e-09	2.430189e+01	7.547577e+02
4.750000e-06	4.289294e-09	2.856964e-09	2.404791e+01	7.541072e+02
4.760000e-06	4.243613e-09	2.854255e-09	2.379182e+01	7.533534e+02
4.770000e-06	4.197599e-09	2.851070e-09	2.353385e+01	7.524698e+02
4.780000e-06	4.151267e-09	2.848199e-09	2.327410e+01	7.516546e+02
4.790000e-06	4.104601e-09	2.845455e-09	2.301249e+01	7.508744e+02
4.800000e-06	4.057599e-09	2.842394e-09	2.274901e+01	7.500184e+02
4.810000e-06	4.010236e-09	2.839162e-09	2.248350e+01	7.491184e+02
4.820000e-06	3.962514e-09	2.836286e-09	2.221598e+01	7.483112e+02
4.830000e-06	3.914495e-09	2.834050e-09	2.194678e+01	7.476670e+02
4.840000e-06	3.866224e-09	2.831611e-09	2.167618e+01	7.469701e+02
4.850000e-06	3.817709e-09	2.828723e-09	2.140420e+01	7.461582e+02
4.860000e-06	3.768948e-09	2.825747e-09	2.113085e+01	7.453192e+02
4.870000e-06	3.719946e-09	2.822434e-09	2.085615e+01	7.443902e+02
4.880000e-06	3.670711e-09	2.818917e-09	2.058012e+01	7.434130e+02
4.890000e-06	3.621234e-09	2.816061e-09	2.030274e+01	7.426139e+02
4.900000e-06	3.571494e-09	2.813341e-09	2.002391e+01	7.418550e+02
4.910000e-06	3.521473e-09	2.809928e-09	1.974351e+01	7.409149e+02
4.920000e-06	3.471171e-09	2.806668e-09	1.946153e+01	7.399975e+02
4.930000e-06	3.420588e-09	2.803666e-09	1.917796e+01	7.391304e+02
4.940000e-06	3.369726e-09	2.800408e-09	1.889282e+01	7.382002e+02
4.950000e-06	3.318606e-09	2.796812e-09	1.860622e+01	7.371998e+02
4.960000e-06	3.267254e-09	2.793454e-09	1.831832e+01	7.362667e+02
4.970000e-06	3.215696e-09	2.790619e-09	1.802928e+01	7.354641e+02
4.980000e-06	3.163946e-09	2.787960e-09	1.773916e+01	7.347145e+02
4.990000e-06	3.111994e-09	2.785058e-09	1.744790e+01	7.339032e+02
5.000000e-06	3.059827e-09	2.781544e-09	1.715546e+01	7.329242e+02
5.010000e-06	3.007468e-09	2.777364e-09	1.686192e+01	7.317623e+02
5.020000e-06	2.954937e-09	2.773162e-09	1.656741e+01	7.305854e+02
5.030000e-06	2.902220e-09	2.769617e-09	1.627186e+01	7.295762e+02
5.040000e-06	2.849288e-09	2.766550e-09	1.597513e+01	7.286957e+02
5.050000e-06	2.796132e-09	2.763383e-09	1.567714e+01	7.278021e+02
5.060000e-06	2.742754e-09	2.760117e-09	1.537790e+01	7.268805e+02
5.070000e-06	2.689167e-09	2.756734e-09	1.507748e+01	7.259244e+02
5.080000e-06	2.635378e-09	2.753077e-09	1.477593e+01	7.249074e+02
5.090000e-06	2.581389e-09	2.749180e-09	1.447326e+01	7.238316e+02
5.100000e-06	2.527202e-09	2.744904e-09	1.416948e+01	7.226536e+02
5.110000e-06	2.472827e-09	2.740360e-09	1.386463e+01	7.213938e+02
5.120000e-06	2.418282e-09	2.736525e-09	1.355883e+01	7.203050e+02
5.130000e-06	2.363583e-09	2.733183e-09	1.325216e+01	7.193514e+02
5.140000e-06	2.308753e-09	2.729481e-09	1.294478e+01	7.183163e+02
5.150000e-06	2.253782e-09	2.725793e-09	1.263660e+01	7.172817e+02
5.160000e-06	2.198656e-09	2.721566e-09	1.232755e+01	7.161081e+02
5.170000e-06	2.143380e-09	2.716850e-09	1.201765e+01	7.148197e+02
5.180000e-06	2.087947e-09	2.712748e-09	1.170686e+01	7.136892e+02
5.190000e-06	2.032349e-09	2.708642e-09	1.139517e+01	7.125453e+02
5.200000e-06	1.976599e-09	2.704079e-09	1.108263e+01	7.112799e+02
5.210000e-06	1.920708e-09	2.699679e-09	1.076932e+01	7.100619e+02
5.220000e-06	1.864667e-09	2.695678e-09	1.045516e+01	7.089382e+02
5.230000e-06	1.808481e-09	2.691723e-09	1.014020e+01	7.078177e+02
5.240000e-06	1.752158e-09	2.687257e-09	9.824447e+00	7.065756e+02
5.250000e-06	1.695684e-09	2.682350e-09	9.507854e+00	7.052229e+02
5.260000e-06	1.639063e-09	2.677381e-09	9.190429e+00	7.038547e+02
5.270000e-06	1.582309e-09	2.672684e-09	8.872251e+00	7.025628e+02
5.280000e-06	1.525428e-09	2.668624e-09	8.553361e+00	7.014385e+02
5.290000e-06	1.468422e-09	2.664791e-09	8.233791e+00	7.003646e+02
5.300000e-06	1.411297e-09	2.660249e-09	7.913558e+00	6.990971e+02
5.310000e-06	1.354048e-09	2.655107e-09	7.592637e+00	6.976756e+02
5.320000e-06	1.296680e-09	2.650147e-09	7.271051e+00	6.962993e+02
5.330000e-06	1.239198e-09	2.645352e-09	6.948815e+00	6.949654e+02
5.340000e-06	1.181601e-09	2.640147e-09	6.625934e+00	6.935453e+02
5.350000e-06	1.123918e-09	2.635284e-09	6.302554e+00	6.922185e+02
5.360000e-06	1.066168e-09	2.630968e-09	5.978787e+00	6.910200e+02
5.370000e-06	1.008352e-09	2.626263e-09	5.654662e+00	6.897245e+02
5.380000e-06	9.504855e-10	2.621242e-09	5.330247e+00	6.883431e+02
5.390000e-06	8.925726e-10	2.615676e-09	5.005573e+00	6.868026e+02
5.400000e-06	8.346138e-10	2.609310e-09	4.680641e+00	6.850517e+02
5.410000e-06	7.766106e-10	2.603230e-09	4.355466e+00	6.833848e+02
5.420000e-06	7.185580e-10	2.598400e-09	4.030024e+00	6.820430e+02
5.430000e-06	6.604552e-10	2.593927e-09	3.704297e+00	6.807947e+02
5.440000e-06	6.023068e-10	2.588938e-09	3.378314e+00	6.794254e+02
5.450000e-06	5.441145e-10	2.583584e-09	3.052088e+00	6.779578e+02
5.460000e-06	4.858886e-10	2.577802e-09	2.725660e+00	6.763688e+02
5.470000e-06	4.276361e-10	2.572008e-09	2.399086e+00	6.747804e+02
5.480000e-06	3.693535e-10	2.566259e-09	2.072361e+00	6.731997e+02
5.490000e-06	3.110450e-10	2.559881e-09	1.745481e+00	6.714468e+02
5.500000e-06	2.527296e-10	2.553554e-09	1.418544e+00	6.697142e+02
5.510000e-06	1.944126e-10	2.548232e-09	1.091602e+00	6.682488e+02
5.520000e-06	1.360902e-10	2.542920e-09	7.646501e-01	6.667761e+02
5.530000e-06	7.776656e-11	2.536662e-09	4.376903e-01	6.650578e+02
5.540000e-06	1.944692e-11	2.530189e-09	1.107289e-01	6.632865e+02
5.550000e-06	-3.886931e-11	2.523680e-09	-2.162217e-01	6.614988e+02
5.560000e-06	-9.718497e-11	2.517219e-09	-5.431608e-01	6.597241e+02
5.570000e-06	-1.554988e-10	2.511299e-09	-8.700865e-01	6.580982e+02
5.580000e-06	-2.138079e-10	2.505141e-09	-1.196981e+00	6.564130e+02
5.590000e-06	-2.721051e-10	2.497857e-09	-1.523815e+00	6.544253e+02
5.600000e-06	-3.303830e-10	2.490190e-09	-1.850542e+00	6.523385e+02
5.610000e-06	-3.886385e-10	2.483041e-09	-2.177143e+00	6.503948e+02
5.620000e-06	-4.468704e-10	2.476280e-09	-2.503617e+00	6.485435e+02
5.630000e-06	-5.050745e-10	2.469387e-09	-2.829923e+00	6.466522e+02
5.640000e-06	-5.632346e-10	2.461978e-09	-3.155989e+00	6.446405e+02
5.650000e-06	-6.213494e-10	2.454694e-09	-3.481806e+00	6.426589e+02
5.660000e-06	-6.794214e-10	2.447689e-09	-3.807369e+00	6.407395e+02
5.670000e-06	-7.374447e-10	2.440043e-09	-4.132658e+00	6.386625e+02
5.680000e-06	-7.954203e-10	2.431752e-09	-4.457686e+00	6.364091e+02
5.690000e-06	-8.533512e-10	2.423244e-09	-4.782456e+00	6.340855e+02
5.700000e-06	-9.112325e-10	2.414752e-09	-5.106942e+00	6.317758e+02
5.710000e-06	-9.690579e-10	2.406945e-09	-5.431120e+00	6.296462e+02
5.720000e-06	-1.026820e-09	2.399505e-09	-5.754947e+00	6.276059e+02
5.730000e-06	-1.084509e-09	2.391353e-09	-6.078367e+00	6.253760e+02
5.740000e-06	-1.142120e-09	2.382473e-09	-6.401341e+00	6.229551e+02
5.750000e-06	-1.199634e-09	2.373892e-09	-6.723752e+00	6.206112e+02
5.760000e-06	-1.257038e-09	2.365677e-09	-7.045545e+00	6.183624e+02
5.770000e-06	-1.314330e-09	2.357170e-09	-7.366723e+00	6.160424e+02
5.780000e-06	-1.371505e-09	2.348261e-09	-7.687262e+00	6.136158e+02
5.790000e-06	-1.428556e-09	2.338887e-09	-8.007099e+00	6.110599e+02
5.800000e-06	-1.485481e-09	2.329394e-09	-8.326223e+00	6.084673e+02
5.810000e-06	-1.542277e-09	2.320516e-09	-8.644641e+00	6.060321e+02
5.820000e-06	-1.598935e-09	2.311371e-09	-8.962287e+00	6.035326e+02
5.830000e-06	-1.655458e-09	2.300845e-09	-9.279158e+00	6.006759e+02
5.840000e-06	-1.711842e-09	2.289980e-09	-9.595246e+00	5.977199e+02
5.850000e-06	-1.768075e-09	2.279616e-09	-9.910491e+00	5.948869e+02
5.860000e-06	-1.824160e-09	2.269492e-09	-1.022489e+01	5.921097e+02
5.870000e-06	-1.880102e-09	2.258973e-09	-1.053848e+01	5.892212e+02
5.880000e-06	-1.935898e-09	2.247693e-09	-1.085129e+01	5.861267e+02
5.890000e-06	-1.991550e-09	2.235796e-09	-1.116329e+01	5.828651e+02
5.900000e-06	-2.047059e-09	2.223892e-09	-1.147449e+01	5.796069e+02
5.910000e-06	-2.102422e-09	2.212094e-09	-1.178487e+01	5.763770e+02
5.920000e-06	-2.157630e-09	2.199743e-09	-1.209437e+01	5.729827e+02
5.930000e-06	-2.212677e-09	2.186415e-09	-1.240298e+01	5.693214e+02
5.940000e-06	-2.267580e-09	2.172359e-09	-1.271079e+01	5.654616e+02
5.950000e-06	-2.322345e-09	2.158115e-09	-1.301783e+01	5.615392e+02
5.960000e-06	-2.376967e-09	2.143850e-09	-1.332407e+01	5.575995e+02
5.970000e-06	-2.431434e-09	2.128936e-09	-1.362944e+01	5.534747e+02
5.980000e-06	-2.485732e-09	2.112622e-09	-1.393384e+01	5.489819e+02
5.990000e-06	-2.539839e-09	2.095317e-09	-1.423716e+01	5.442352e+02
6.000000e-06	-2.593750e-09	2.077927e-09	-1.453941e+01	5.394499e+02
6.010000e-06	-2.647463e-09	2.059651e-09	-1.484054e+01	5.344105e+02
6.020000e-06	-2.700967e-09	2.039637e-09	-1.514050e+01	5.288864e+02
6.030000e-06	-2.754255e-09	2.017794e-09	-1.543925e+01	5.228338e+02
6.040000e-06	-2.807322e-09	1.993928e-09	-1.573675e+01	5.161939e+02
6.050000e-06	-2.860174e-09	1.968477e-09	-1.603305e+01	5.090637e+02
6.060000e-06	-2.912822e-09	1.940995e-09	-1.632820e+01	5.013148e+02
6.070000e-06	-2.965283e-09	1.910078e-09	-1.662233e+01	4.925698e+02
6.080000e-06	-3.017559e-09	1.874752e-09	-1.691542e+01	4.825495e+02
6.090000e-06	-3.069627e-09	1.834738e-09	-1.720734e+01	4.711425e+02
6.100000e-06	-3.121487e-09	1.789302e-09	-1.749808e+01	4.581008e+02
6.110000e-06	-3.173155e-09	1.736260e-09	-1.778776e+01	4.427877e+02
6.120000e-06	-3.224644e-09	1.673198e-09	-1.807645e+01	4.244869e+02
6.130000e-06	-3.275953e-09	1.598284e-09	-1.836413e+01	4.026320e+02
6.140000e-06	-3.327058e-09	1.509191e-09	-1.865067e+01	3.765321e+02
6.150000e-06	-3.377921e-09	1.403309e-09	-1.893584e+01	3.454258e+02
6.160000e-06	-3.428518e-09	1.277916e-09	-1.921953e+01	3.086010e+02
6.170000e-06	-3.478838e-09	1.130532e-09	-1.950166e+01	2.655146e+02
6.180000e-06	-3.528871e-09	9.598798e-10	-1.978218e+01	2.160352e+02
6.190000e-06	-3.578619e-09	7.668673e-10	-2.006109e+01	1.607512e+02
6.200000e-06	-3.628092e-09	5.545816e-10	-2.033847e+01	1.009172e+02
6.210000e-06	-3.677312e-09	3.272628e-10	-2.061443e+01	3.807288e+01
6.220000e-06	-3.726277e-09	9.090358e-11	-2.088895e+01	-2.585640e+01
6.230000e-06	-3.774977e-09	-1.470399e-10	-2.116198e+01	-8.871087e+01
6.240000e-06	-3.823426e-09	-3.802374e-10	-2.143360e+01	-1.488305e+02
6.250000e-06	-3.871639e-09	-6.039285e-10	-2.170391e+01	-2.051541e+02
6.260000e-06	-3.919602e-09	-8.138403e-10	-2.197282e+01	-2.568717e+02
6.270000e-06	-3.967275e-09	-1.007010e-09	-2.224009e+01	-3.035801e+02
6.280000e-06	-4.014615e-09	-1.182219e-09	-2.250549e+01	-3.453645e+02
6.290000e-06	-4.061598e-09	-1.338423e-09	-2.276887e+01	-3.823128e+02
6.300000e-06	-4.108218e-09	-1.476345e-09	-2.303023e+01	-4.148807e+02
6.310000e-06	-4.154503e-09	-1.598090e-09	-2.328970e+01	-4.437694e+02
6.320000e-06	-4.200468e-09	-1.705119e-09	-2.354740e+01	-4.693976e+02
6.330000e-06	-4.246084e-09	-1.799685e-09	-2.380313e+01	-4.922985e+02
6.340000e-06	-4.291313e-09	-1.883665e-09	-2.405670e+01	-5.128527e+02
6.350000e-06	-4.336148e-09	-1.958497e-09	-2.430806e+01	-5.313308e+02
6.360000e-06	-4.380628e-09	-2.026143e-09	-2.455743e+01	-5.481579e+02
6.370000e-06	-4.424797e-09	-2.088083e-09	-2.480505e+01	-5.636342e+02
6.380000e-06	-4.468676e-09	-2.144915e-09	-2.505107e+01	-5.778551e+02
6.390000e-06	-4.512287e-09	-2.197078e-09	-2.529557e+01	-5.909128e+02
6.400000e-06	-4.555635e-09	-2.245540e-09	-2.553861e+01	-6.030574e+02
6.410000e-06	-4.598716e-09	-2.290904e-09	-2.578015e+01	-6.144395e+02
6.420000e-06	-4.641508e-09	-2.332916e-09	-2.602007e+01	-6.249789e+02
6.430000e-06	-4.683982e-09	-2.371649e-09	-2.625820e+01	-6.346984e+02
6.440000e-06	-4.726126e-09	-2.407241e-09	-2.649447e+01	-6.436264e+02
6.450000e-06	-4.767947e-09	-2.440125e-09	-2.672892e+01	-6.518484e+02
6.460000e-06	-4.809426e-09	-2.470984e-09	-2.696145e+01	-6.595511e+02
6.470000e-06	-4.850513e-09	-2.499855e-09	-2.719180e+01	-6.667541e+02
6.480000e-06	-4.891178e-09	-2.526540e-09	-2.741978e+01	-6.734083e+02
6.490000e-06	-4.931449e-09	-2.551055e-09	-2.764556e+01	-6.795361e+02
6.500000e-06	-4.971386e-09	-2.573854e-09	-2.786946e+01	-6.852474e+02
6.510000e-06	-5.011012e-09	-2.595432e-09	-2.809161e+01	-6.906512e+02
6.520000e-06	-5.050303e-09	-2.615651e-09	-2.831188e+01	-6.957250e+02
6.530000e-06	-5.089257e-09	-2.634001e-09	-2.853027e+01	-7.003385e+02
6.540000e-06	-5.127908e-09	-2.650653e-09	-2.874698e+01	-7.045147e+02
6.550000e-06	-5.166271e-09	-2.666209e-09	-2.896208e+01	-7.084108e+02
6.560000e-06	-5.204295e-09	-2.681031e-09	-2.917526e+01	-7.121183e+02
6.570000e-06	-5.241890e-09	-2.695068e-09	-2.938602e+01	-7.156199e+02
6.580000e-06	-5.279041e-09	-2.708003e-09	-2.959429e+01	-7.188487e+02
6.590000e-06	-5.315792e-09	-2.720090e-09	-2.980033e+01	-7.218743e+02
6.600000e-06	-5.352167e-09	-2.731915e-09	-3.000426e+01	-7.248376e+02
6.610000e-06	-5.388150e-09	-2.743047e-09	-3.020599e+01	-7.276351e+02
6.620000e-06	-5.423756e-09	-2.752640e-09	-3.040559e+01	-7.300586e+02
6.630000e-06	-5.459038e-09	-2.760807e-09	-3.060339e+01	-7.321305e+02
6.640000e-06	-5.493983e-09	-2.768734e-09	-3.079929e+01	-7.341455e+02
6.650000e-06	-5.528499e-09	-2.777049e-09	-3.099277e+01	-7.362573e+02
6.660000e-06	-5.562552e-09	-2.785246e-09	-3.118366e+01	-7.383414e+02
6.670000e-06	-5.596209e-09	-2.793327e-09	-3.137235e+01	-7.403970e+02
6.680000e-06	-5.629519e-09	-2.800860e-09	-3.155910e+01	-7.423149e+02
6.690000e-06	-5.662462e-09	-2.807316e-09	-3.174380e+01	-7.439681e+02
6.700000e-06	-5.695022e-09	-2.813232e-09	-3.192635e+01	-7.454856e+02
6.710000e-06	-5.727227e-09	-2.818883e-09	-3.210693e+01	-7.469329e+02
6.720000e-06	-5.759077e-09	-2.823976e-09	-3.228553e+01	-7.482420e+02
6.730000e-06	-5.790474e-09	-2.828777e-09	-3.246156e+01	-7.494780e+02
6.740000e-06	-5.821338e-09	-2.834215e-09	-3.263458e+01	-7.508790e+02
6.750000e-06	-5.851696e-09	-2.839930e-09	-3.280477e+01	-7.523489e+02
6.760000e-06	-5.881602e-09	-2.844947e-09	-3.297243e+01	-7.536355e+02
6.770000e-06	-5.911087e-09	-2.849155e-09	-3.313774e+01	-7.547253e+02
6.780000e-06	-5.940189e-09	-2.852989e-09	-3.330092e+01	-7.557289e+02
6.790000e-06	-5.968930e-09	-2.856844e-09	-3.346209e+01	-7.567314e+02
6.800000e-06	-5.997237e-09	-2.860709e-09	-3.362080e+01	-7.577333e+02
6.810000e-06	-6.025030e-09	-2.864659e-09	-3.377662e+01	-7.587621e+02
6.820000e-06	-6.052375e-09	-2.868679e-09	-3.392994e+01	-7.598075e+02
6.830000e-06	-6.079341e-09	-2.872305e-09	-3.408115e+01	-7.607471e+02
6.840000e-06	-6.105904e-09	-2.875564e-09	-3.423008e+01	-7.615957e+02
6.850000e-06	-6.132053e-09	-2.879039e-09	-3.437670e+01	-7.625053e+02
6.860000e-06	-6.157824e-09	-2.881937e-09	-3.452121e+01	-7.632674e+02
6.870000e-06	-6.183182e-09	-2.884124e-09	-3.466340e+01	-7.638521e+02
6.880000e-06	-6.208001e-09	-2.886670e-09	-3.480254e+01	-7.645361e+02
6.890000e-06	-6.232314e-09	-2.889452e-09	-3.493886e+01	-7.652768e+02
6.900000e-06	-6.256236e-09	-2.892213e-09	-3.507300e+01	-7.659992e+02
6.910000e-06	-6.279756e-09	-2.895287e-09	-3.520488e+01	-7.667980e+02
6.920000e-06	-6.302826e-09	-2.898472e-09	-3.533422e+01	-7.676350e+02
6.930000e-06	-6.325482e-09	-2.901268e-09	-3.546124e+01	-7.683801e+02
6.940000e-06	-6.347739e-09	-2.903604e-09	-3.558602e+01	-7.690100e+02
6.950000e-06	-6.369469e-09	-2.905654e-09	-3.570784e+01	-7.695654e+02
6.960000e-06	-6.390623e-09	-2.907481e-09	-3.582645e+01	-7.700618e+02
6.970000e-06	-6.411275e-09	-2.909276e-09	-3.594226e+01	-7.705480e+02
6.980000e-06	-6.431424e-09	-2.911508e-09	-3.605526e+01	-7.711461e+02
6.990000e-06	-6.450977e-09	-2.913979e-09	-3.616492e+01	-7.717986e+02
7.000000e-06	-6.469946e-09	-2.916234e-09	-3.627129e+01	-7.723902e+02
7.010000e-06	-6.488479e-09	-2.917989e-09	-3.637523e+01	-7.728556e+02
7.020000e-06	-6.506625e-09	-2.919382e-09	-3.647698e+01	-7.732325e+02
7.030000e-06	-6.524401e-09	-2.921005e-09	-3.657665e+01	-7.736759e+02
7.040000e-06	-6.541823e-09	-2.922926e-09	-3.667434e+01	-7.741985e+02
7.050000e-06	-6.558829e-09	-2.924791e-09	-3.676969e+01	-7.747084e+02
7.060000e-06	-6.575389e-09	-2.926566e-09	-3.686254e+01	-7.752043e+02
7.070000e-06	-6.591546e-09	-2.928451e-09	-3.695315e+01	-7.757265e+02
7.080000e-06	-6.607273e-09	-2.930264e-09	-3.704136e+01	-7.762182e+02
7.090000e-06	-6.622441e-09	-2.931732e-09	-3.712642e+01	-7.766133e+02
7.100000e-06	-6.637091e-09	-2.932963e-09	-3.720856e+01	-7.769362e+02
7.110000e-06	-6.651320e-09	-2.934128e-09	-3.728835e+01	-7.772377e+02
7.120000e-06	-6.665099e-09	-2.935168e-09	-3.736561e+01	-7.775258e+02
7.130000e-06	-6.678407e-09	-2.936319e-09	-3.744023e+01	-7.778589e+02
7.140000e-06	-6.691295e-09	-2.937885e-09	-3.751250e+01	-7.782940e+02
7.150000e-06	-6.703707e-09	-2.939402e-09	-3.758212e+01	-7.787056e+02
7.160000e-06	-6.715541e-09	-2.940172e-09	-3.764849e+01	-7.789219e+02
7.170000e-06	-6.726879e-09	-2.940727e-09	-3.771206e+01	-7.790825e+02
7.180000e-06	-6.737783e-09	-2.941682e-09	-3.777321e+01	-7.793392e+02
7.190000e-06	-6.748210e-09	-2.942884e-09	-3.783167e+01	-7.796595e+02
7.200000e-06	-6.758180e-09	-2.944167e-09	-3.788756e+01	-7.800068e+02
7.210000e-06	-6.767752e-09	-2.945285e-09	-3.794124e+01	-7.803141e+02
7.220000e-06	-6.776839e-09	-2.946355e-09	-3.799221e+01	-7.806067e+02
7.230000e-06	-6.785351e-09	-2.947326e-09	-3.803995e+01	-7.808769e+02
7.240000e-06	-6.793391e-09	-2.947935e-09	-3.808504e+01	-7.810482e+02
7.250000e-06	-6.801006e-09	-2.948426e-09	-3.812774e+01	-7.811779e+02
7.260000e-06	-6.808156e-09	-2.949192e-09	-3.816784e+01	-7.813875e+02
7.270000e-06	-6.814860e-09	-2.950233e-09	-3.820544e+01	-7.816781e+02
7.280000e-06	-6.821111e-09	-2.951360e-09	-3.824050e+01	-7.819860e+02
7.290000e-06	-6.826781e-09	-2.952362e-09	-3.827229e+01	-7.822593e+02
7.300000e-06	-6.831843e-09	-2.953120e-09	-3.830067e+01	-7.824609e+02
7.310000e-06	-6.836381e-09	-2.953573e-09	-3.832613e+01	-7.825732e+02
7.320000e-06	-6.840429e-09	-2.953767e-09	-3.834884e+01	-7.826267e+02
7.330000e-06	-6.844022e-09	-2.954539e-09	-3.836901e+01	-7.828327e+02
7.340000e-06	-6.847202e-09	-2.955902e-09	-3.838687e+01	-7.831880e+02
7.350000e-06	-6.849884e-09	-2.956791e-09	-3.840192e+01	-7.834215e+02
7.360000e-06	-6.851992e-09	-2.957214e-09	-3.841376e+01	-7.835401e+02
7.370000e-06	-6.853634e-09	-2.957822e-09	-3.842298e+01	-7.837145e+02
7.380000e-06	-6.854857e-09	-2.958503e-09	-3.842987e+01	-7.839044e+02
7.390000e-06	-6.855611e-09	-2.958968e-09	-3.843410e+01	-7.840278e+02
